$-------2-------3-------4-------5-------6-------7-------8-------9-------10
$ solver to run: solve_optim
$-------2-------3-------4-------5-------6-------7-------8-------9-------10
SOL 144
PARAM   NSTEP   200
PARAM   DESVAR  desvar
PARAM   OBJ     obj
PARAM   AUTOPLOT1
$-------2-------3-------4-------5-------6-------7-------8-------9-------10
TRIM= 8
TRIM= 9
TRIM= 10
$
SUPORT  1       1003    123456
$
AEROS           0       12.64   44.9332 475.1   0       0   
$
$-------2-------3-------4-------5-------6-------7-------8-------9-------10
$ PULLUP
TRIM    8       1       0.5     5000    CLIMB   0.0     BANK    0.0 
        PITCH   0.0     ROLL    0.0     YAW     0.0     HEAD    0.0
        THRUST  0.0     URDD2   0.0     URDD3   24.5    SIDES   0.0
        URDD4   0.0     URDD5   0.0     URDD6   0.0     c1wingl 0.0
        c2wingl 0.0     c3wingl 0.0     c2vt    0.0      
$-------2-------3-------4-------5-------6-------7-------8-------9-------10
$ SIDESLIP
TRIM    9       0       0.5     5000    CLIMB   0.0     BANK    0.0 
        PITCH   0.0     ROLL    0.0     YAW     0.0     HEAD    0.0
        THRUST  0.0     SIDES   20.0    URDD3   9.81    c2wingl 0.0
        URDD4   0.0     URDD5   0.0     URDD6   0.0     c1wingl 0.0
$-------2-------3-------4-------5-------6-------7-------8-------9-------10
$ SNAP ROLL
TRIM    10      0       0.5     5000    CLIMB   0.0     BANK    0.0 
        PITCH   0.0     ROLL    0.0     YAW     0.0     HEAD    0.0
        THRUST  0.0     SIDES   0.0     c2vt    20.0    c2htr   20.0
        ANGLEA  7.0     c2wingl 0.0     c1wingl 0.0     c3wingl 0.0
$-------2-------3-------4-------5-------6-------7-------8-------9-------10
$ Material definition
$-------2-------3-------4-------5-------6-------7-------8-------9-------10
MAT1    1       7.37e+10        0.3     2795.717
        5.460e+85.460e+83.640e+8
MAT1    2       7.37e+10        0.3     2795.717
        3.859e+83.859e+82.573e+8
MAT1    3       7.37e+10        0.3     2795.717
        3.859e+83.859e+82.573e+8
MAT1    4       7.37e+10        0.3     2795.717
        3.859e+83.859e+82.573e+8
$-------2-------3-------4-------5-------6-------7-------8-------9-------10
 Node definition
$-------2-------3-------4-------5-------6-------7-------8-------9-------10
GRID    1000    0       0       0       -3.0349 0       0       0       
GRID    1001    0       5.9352  0       -2.0022 0       0       0       
GRID    1002    0       10      0       -1.295  0       0       0       
GRID    1003    0       16.0244 0       -1.295  0       0       0       
GRID    1004    0       22.0487 0       -1.295  0       0       0       
GRID    1005    0       28.0731 0       -1.295  0       0       0       
GRID    1007    0       41.6791 0       -1.295  0       0       0       
GRID    1009    0       50.6    0       -1.295  0       0       0       
GRID    1010    0       56.565  0       -0.451360       0       0       
GRID    1011    0       60      0       0.03445 0       0       0       
GRID    2000    0       35.6548 0.925   -1.295  0       0       0       
GRID    2001    0       35.6548 1.85    -1.295  0       0       0       
GRID    2002    0       36.8698 3.1227  -1.1835 0       0       0       
GRID    2003    0       38.0848 4.3954  -1.072  0       0       0       
GRID    2004    0       38.7287 5.4371  -1.0119 0       0       0       
GRID    2005    0       39.3727 6.4787  -0.9517 0       0       0       
GRID    2006    0       40.0166 7.5204  -0.891530       0       0       
GRID    2007    0       40.6605 8.562   -0.831360       0       0       
GRID    2008    0       42.2863 10.2998 -0.732180       0       0       
GRID    2009    0       43.9121 12.0375 -0.633  0       0       0       
GRID    2010    0       45.5379 13.7753 -0.533820       0       0       
GRID    2011    0       47.1638 15.513  -0.434640       0       0       
GRID    2012    0       48.7896 17.2508 -0.335460       0       0       
GRID    2013    0       50.4154 18.9885 -0.236280       0       0       
GRID    2014    0       52.0412 20.7263 -0.137110       0       0       
GRID    2015    0       53.667  22.464  -0.037920       0       0       
GRID    1006    0       35.6548 0       -1.295  0       0       0       
GRID    2016    0       35.6548 -0.925  -1.295  0       0       0       
GRID    2017    0       35.6548 -1.85   -1.295  0       0       0       
GRID    2018    0       36.8698 -3.1227 -1.1835 0       0       0       
GRID    2019    0       38.0848 -4.3954 -1.072  0       0       0       
GRID    2020    0       38.7287 -5.4371 -1.0119 0       0       0       
GRID    2021    0       39.3727 -6.4787 -0.9517 0       0       0       
GRID    2022    0       40.0166 -7.5204 -0.891530       0       0       
GRID    2023    0       40.6605 -8.562  -0.831360       0       0       
GRID    2024    0       42.2863 -10.2998-0.732180       0       0       
GRID    2025    0       43.9121 -12.0375-0.633  0       0       0       
GRID    2026    0       45.5379 -13.7753-0.533820       0       0       
GRID    2027    0       47.1638 -15.513 -0.434640       0       0       
GRID    2028    0       48.7896 -17.2508-0.335460       0       0       
GRID    2029    0       50.4154 -18.9885-0.236280       0       0       
GRID    2030    0       52.0412 -20.7263-0.137110       0       0       
GRID    2031    0       53.667  -22.464 -0.037920       0       0       
GRID    1008    0       47.3935 0       -1.295  0       0       0       
GRID    3000    0       47.3935 0       1.85    0       0       0       
GRID    3001    0       48.6286 0       2.8008  0       0       0       
GRID    3002    0       49.8638 0       3.7517  0       0       0       
GRID    3003    0       51.099  0       4.7025  0       0       0       
GRID    3004    0       52.8194 0       6.0269  0       0       0       
GRID    3005    0       54.5398 0       7.3513  0       0       0       
GRID    3006    0       56.2602 0       8.6756  0       0       0       
GRID    4000    0       57.9806 0.17628 10      0       0       0       
GRID    4001    0       57.9806 0.35256 10      0       0       0       
GRID    4002    0       58.7321 1.0826  10      0       0       0       
GRID    4003    0       59.4837 1.8126  10      0       0       0       
GRID    4004    0       61.2164 3.4958  10      0       0       0       
GRID    4005    0       62.9492 5.179   10      0       0       0       
GRID    3007    0       57.9806 0       10      0       0       0       
GRID    4006    0       57.9806 -0.1762810      0       0       0       
GRID    4007    0       57.9806 -0.3525610      0       0       0       
GRID    4008    0       58.7321 -1.0826 10      0       0       0       
GRID    4009    0       59.4837 -1.8126 10      0       0       0       
GRID    4010    0       61.2164 -3.4958 10      0       0       0       
GRID    4011    0       62.9492 -5.179  10      0       0       0       

$-------2-------3-------4-------5-------6-------7-------8-------9-------10
 Beam definition
$-------2-------3-------4-------5-------6-------7-------8-------9-------10
CBAR    1000    1000    1000    1001    -0.171410.0     0.9852  GGG     
        0       0       0.0     0.0     1.295   0.0     0.0     1.295   
CBAR    1001    1001    1001    1002    -0.171410.0     0.9852  GGG     
        0       0       0.0     0.0     1.295   0.0     0.0     1.295   
CBAR    1002    1002    1002    1003    0.0     0.0     1.0     GGG     
        0       0       0.0     0.0     1.295   0.0     0.0     1.295   
CBAR    1003    1003    1003    1004    0.0     0.0     1.0     GGG     
        0       0       0.0     0.0     1.295   0.0     0.0     1.295   
CBAR    1004    1004    1004    1005    0.0     0.0     1.0     GGG     
        0       0       0.0     0.0     1.295   0.0     0.0     1.295   
CBAR    1005    1005    1005    1006    0.0     0.0     1.0     GGG     
        0       0       0.0     0.0     1.295   0.0     0.0     1.295   
CBAR    1006    1006    1006    1007    0.0     0.0     1.0     GGG     
        0       0       0.0     0.0     1.295   0.0     0.0     1.295   
CBAR    1007    1007    1007    1008    0.0     0.0     1.0     GGG     
        0       0       0.0     0.0     1.295   0.0     0.0     1.295   
CBAR    1008    1008    1008    1009    0.0     0.0     1.0     GGG     
        0       0       0.0     0.0     1.295   0.0     0.0     1.295   
CBAR    1009    1009    1009    1010    -0.140040.0     0.99015 GGG     
        0       0       0.0     0.0     1.295   0.0     0.0     1.295   
CBAR    1010    1010    1010    1011    -0.140040.0     0.99015 GGG     
        0       0       0.0     0.0     1.295   0.0     0.0     1.295   
CBAR    2000    2000    1006    2000    0.0     0.0     1.0     GGG     
CBAR    2001    2001    2000    2001    0.0     0.0     1.0     GGG     
CBAR    2002    2002    2001    2002    0.017363-0.103680.99446 GGG     
CBAR    2003    2003    2002    2003    0.017363-0.103680.99446 GGG     
CBAR    2004    2004    2003    2004    0.017433-0.068390.99751 GGG     
CBAR    2005    2005    2004    2005    0.017433-0.068390.99751 GGG     
CBAR    2006    2006    2005    2006    0.017433-0.068390.99751 GGG     
CBAR    2007    2007    2006    2007    0.017433-0.068390.99751 GGG     
CBAR    2008    2008    2007    2008    0.007162-0.063650.99795 GGG     
CBAR    2009    2009    2008    2009    0.007162-0.063650.99795 GGG     
CBAR    2010    2010    2009    2010    0.007162-0.063650.99795 GGG     
CBAR    2011    2011    2010    2011    0.007162-0.063650.99795 GGG     
CBAR    2012    2012    2011    2012    0.007162-0.063650.99795 GGG     
CBAR    2013    2013    2012    2013    0.007162-0.063650.99795 GGG     
CBAR    2014    2014    2013    2014    0.007162-0.063650.99795 GGG     
CBAR    2015    2015    2014    2015    0.007162-0.063650.99795 GGG     
CBAR    2016    2000    1006    2016    0.0     0.0     1.0     GGG     
CBAR    2017    2001    2016    2017    0.0     0.0     1.0     GGG     
CBAR    2018    2002    2017    2018    0.0173630.10368 0.99446 GGG     
CBAR    2019    2003    2018    2019    0.0173630.10368 0.99446 GGG     
CBAR    2020    2004    2019    2020    0.0174330.0683970.99751 GGG     
CBAR    2021    2005    2020    2021    0.0174330.0683970.99751 GGG     
CBAR    2022    2006    2021    2022    0.0174330.0683970.99751 GGG     
CBAR    2023    2007    2022    2023    0.0174330.0683970.99751 GGG     
CBAR    2024    2008    2023    2024    0.0071620.0636570.99795 GGG     
CBAR    2025    2009    2024    2025    0.0071620.0636570.99795 GGG     
CBAR    2026    2010    2025    2026    0.0071620.0636570.99795 GGG     
CBAR    2027    2011    2026    2027    0.0071620.0636570.99795 GGG     
CBAR    2028    2012    2027    2028    0.0071620.0636570.99795 GGG     
CBAR    2029    2013    2028    2029    0.0071620.0636570.99795 GGG     
CBAR    2030    2014    2029    2030    0.0071620.0636570.99795 GGG     
CBAR    2031    2015    2030    2031    0.0071620.0636570.99795 GGG     
CBAR    3000    3000    1008    3000    0.0     -1.0    0.0     GGG     
CBAR    3001    3001    3000    3001    0.0     -1.0    0.0     GGG     
CBAR    3002    3002    3001    3002    0.0     -1.0    0.0     GGG     
CBAR    3003    3003    3002    3003    0.0     -1.0    0.0     GGG     
CBAR    3004    3004    3003    3004    0.0     -1.0    0.0     GGG     
CBAR    3005    3005    3004    3005    0.0     -1.0    0.0     GGG     
CBAR    3006    3006    3005    3006    0.0     -1.0    0.0     GGG     
CBAR    3007    3007    3006    3007    0.0     -1.0    0.0     GGG     
CBAR    4000    4000    3007    4000    0.0     0.0     1.0     GGG     
CBAR    4001    4001    4000    4001    0.0     0.0     1.0     GGG     
CBAR    4002    4002    4001    4002    0.0     0.0     1.0     GGG     
CBAR    4003    4003    4002    4003    0.0     0.0     1.0     GGG     
CBAR    4004    4004    4003    4004    0.0     0.0     1.0     GGG     
CBAR    4005    4005    4004    4005    0.0     0.0     1.0     GGG     
CBAR    4006    4000    3007    4006    0.0     0.0     1.0     GGG     
CBAR    4007    4001    4006    4007    0.0     0.0     1.0     GGG     
CBAR    4008    4002    4007    4008    0.0     0.0     1.0     GGG     
CBAR    4009    4003    4008    4009    0.0     0.0     1.0     GGG     
CBAR    4010    4004    4009    4010    0.0     0.0     1.0     GGG     
CBAR    4011    4005    4010    4011    0.0     0.0     1.0     GGG     

$-------2-------3-------4-------5-------6-------7-------8-------9-------10
 Aeronode definition
$-------2-------3-------4-------5-------6-------7-------8-------9-------10
GRID    10000   0       0       0       -1.7399 0       0       0       
GRID    10001   0       0       0       -1.7399 0       0       0       
GRID    10002   0       0       0       -1.7399 0       0       0       
GRID    10003   0       0       0       -1.7399 0       0       0       
GRID    10004   0       5.9352  1.3887  -0.707220       0       0       
GRID    10005   0       5.9352  0       0.68147 0       0       0       
GRID    10006   0       5.9352  -1.3887 -0.707220       0       0       
GRID    10007   0       5.9352  0       -2.0959 0       0       0       
GRID    10008   0       10      1.8608  0       0       0       0       
GRID    10009   0       10      0       1.8608  0       0       0       
GRID    10010   0       10      -1.8608 0       0       0       0       
GRID    10011   0       10      0       -1.8608 0       0       0       
GRID    10012   0       16.0244 2.1468  0       0       0       0       
GRID    10013   0       16.0244 0       2.1468  0       0       0       
GRID    10014   0       16.0244 -2.1468 0       0       0       0       
GRID    10015   0       16.0244 0       -2.1468 0       0       0       
GRID    10016   0       22.0487 2.0424  0       0       0       0       
GRID    10017   0       22.0487 0       2.0424  0       0       0       
GRID    10018   0       22.0487 -2.0424 0       0       0       0       
GRID    10019   0       22.0487 0       -2.0424 0       0       0       
GRID    10020   0       28.0731 1.8681  0       0       0       0       
GRID    10021   0       28.0731 0       1.8681  0       0       0       
GRID    10022   0       28.0731 -1.8681 0       0       0       0       
GRID    10023   0       28.0731 0       -1.8681 0       0       0       
GRID    10024   0       35.6548 1.9668  0       0       0       0       
GRID    10025   0       35.6548 0       1.9668  0       0       0       
GRID    10026   0       35.6548 -1.9668 0       0       0       0       
GRID    10027   0       35.6548 0       -1.9668 0       0       0       
GRID    10028   0       41.6791 2.1541  0       0       0       0       
GRID    10029   0       41.6791 0       2.1541  0       0       0       
GRID    10030   0       41.6791 -2.1541 0       0       0       0       
GRID    10031   0       41.6791 0       -2.1541 0       0       0       
GRID    10032   0       47.3935 2.0965  0       0       0       0       
GRID    10033   0       47.3935 0       2.0965  0       0       0       
GRID    10034   0       47.3935 -2.0965 0       0       0       0       
GRID    10035   0       47.3935 0       -2.0965 0       0       0       
GRID    10036   0       50.6    1.8559  0       0       0       0       
GRID    10037   0       50.6    0       1.8559  0       0       0       
GRID    10038   0       50.6    -1.8559 0       0       0       0       
GRID    10039   0       50.6    0       -1.8559 0       0       0       
GRID    10040   0       56.565  1.0529  0.84364 0       0       0       
GRID    10041   0       56.565  0       1.8966  0       0       0       
GRID    10042   0       56.565  -1.0529 0.84364 0       0       0       
GRID    10043   0       56.565  0       -0.2093 0       0       0       
GRID    10044   0       60      -5.1e-171.3294  0       0       0       
GRID    10045   0       60      0       1.3294  0       0       0       
GRID    10046   0       60      5.51e-171.3294  0       0       0       
GRID    10047   0       60      0       1.3294  0       0       0       
RBE0    1000    1000    10000   10001   10002   10003   
RBE0    1001    1001    10004   10005   10006   10007   
RBE0    1002    1002    10008   10009   10010   10011   
RBE0    1003    1003    10012   10013   10014   10015   
RBE0    1004    1004    10016   10017   10018   10019   
RBE0    1005    1005    10020   10021   10022   10023   
RBE0    1006    1006    10024   10025   10026   10027   
RBE0    1007    1007    10028   10029   10030   10031   
RBE0    1008    1008    10032   10033   10034   10035   
RBE0    1009    1009    10036   10037   10038   10039   
RBE0    1010    1010    10040   10041   10042   10043   
RBE0    1011    1011    10044   10045   10046   10047   
GRID    20000   0       30.5649 0       -1.295  0       0       0       
GRID    20001   0       35.6548 0       -2.5675 0       0       0       
GRID    20002   0       40.7446 0       -1.295  0       0       0       
GRID    20003   0       35.6548 0       -0.022530       0       0       
GRID    20004   0       30.5649 0.925   -1.295  0       0       0       
GRID    20005   0       35.6548 0.925   -2.5675 0       0       0       
GRID    20006   0       40.7446 0.925   -1.295  0       0       0       
GRID    20007   0       35.6548 0.925   -0.022530       0       0       
GRID    20008   0       31.9732 1.85    -1.295  0       0       0       
GRID    20009   0       35.6548 1.85    -2.5675 0       0       0       
GRID    20010   0       39.3363 1.85    -1.295  0       0       0       
GRID    20011   0       35.6548 1.85    -0.022530       0       0       
GRID    20012   0       34.3502 5.5026  -0.8914 0       0       0       
GRID    20013   0       36.8522 3.2278  -2.1914 0       0       0       
GRID    20014   0       39.3894 0.74286 -1.4756 0       0       0       
GRID    20015   0       36.8874 3.0176  -0.1756 0       0       0       
GRID    20016   0       35.7129 6.6358  -0.797040       0       0       
GRID    20017   0       38.0717 4.4737  -1.8224 0       0       0       
GRID    20018   0       40.4568 2.1551  -1.347  0       0       0       
GRID    20019   0       38.0979 4.3172  -0.321630       0       0       
GRID    20020   0       35.7296 7.2807  -0.833040       0       0       
GRID    20021   0       38.7167 5.4843  -1.7008 0       0       0       
GRID    20022   0       41.7279 3.5934  -1.1907 0       0       0       
GRID    20023   0       38.7408 5.3898  -0.3229 0       0       0       
GRID    20024   0       36.651  8.1518  -0.789410       0       0       
GRID    20025   0       39.3617 6.5216  -1.5769 0       0       0       
GRID    20026   0       42.0943 4.8057  -1.114  0       0       0       
GRID    20027   0       39.3836 6.4359  -0.326470       0       0       
GRID    20028   0       37.5724 9.0229  -0.745790       0       0       
GRID    20029   0       40.0068 7.5589  -1.453  0       0       0       
GRID    20030   0       42.4608 6.0179  -1.0373 0       0       0       
GRID    20031   0       40.0264 7.4819  -0.330040       0       0       
GRID    20032   0       38.4937 9.894   -0.702160       0       0       
GRID    20033   0       40.6518 8.5962  -1.3291 0       0       0       
GRID    20034   0       42.8273 7.2301  -0.960550       0       0       
GRID    20035   0       40.6692 8.5279  -0.333610       0       0       
GRID    20036   0       40.8396 11.6478 -0.6358 0       0       0       
GRID    20037   0       42.2831 10.3285 -1.1831 0       0       0       
GRID    20038   0       43.733  8.9517  -0.828550       0       0       
GRID    20039   0       42.2895 10.271  -0.281240       0       0       
GRID    20040   0       42.6163 13.245  -0.546680       0       0       
GRID    20041   0       43.9092 12.0633 -1.0369 0       0       0       
GRID    20042   0       45.208  10.8301 -0.719320       0       0       
GRID    20043   0       43.915  12.0118 -0.2291 0       0       0       
GRID    20044   0       44.393  14.8421 -0.457550       0       0       
GRID    20045   0       45.5354 13.798  -0.890690       0       0       
GRID    20046   0       46.6829 12.7084 -0.610090       0       0       
GRID    20047   0       45.5405 13.7525 -0.176950       0       0       
GRID    20048   0       46.1697 16.4393 -0.368420       0       0       
GRID    20049   0       47.1615 15.5328 -0.744480       0       0       
GRID    20050   0       48.1578 14.5868 -0.500860       0       0       
GRID    20051   0       47.166  15.4933 -0.1248 0       0       0       
GRID    20052   0       47.9464 18.0364 -0.2793 0       0       0       
GRID    20053   0       48.7877 17.2675 -0.598270       0       0       
GRID    20054   0       49.6327 16.4651 -0.391630       0       0       
GRID    20055   0       48.7915 17.234  -0.072650       0       0       
GRID    20056   0       49.7231 19.6336 -0.190170       0       0       
GRID    20057   0       50.4138 19.0023 -0.452060       0       0       
GRID    20058   0       51.1077 18.3435 -0.2824 0       0       0       
GRID    20059   0       50.4169 18.9748 -0.020500       0       0       
GRID    20060   0       51.4998 21.2307 -0.101040       0       0       
GRID    20061   0       52.04   20.737  -0.305850       0       0       
GRID    20062   0       52.5826 20.2218 -0.173170       0       0       
GRID    20063   0       52.0424 20.7155 0.03164 0       0       0       
GRID    20064   0       52.9357 22.4654 -0.063430       0       0       
GRID    20065   0       53.6713 22.4704 -0.159650       0       0       
GRID    20066   0       54.3984 22.4627 -0.012420       0       0       
GRID    20067   0       53.6628 22.4577 0.0837970       0       0       
RBE0    1006    1006    20000   20001   20002   20003   
RBE0    2000    2000    20004   20005   20006   20007   
RBE0    2001    2001    20008   20009   20010   20011   
RBE0    2002    2002    20012   20013   20014   20015   
RBE0    2003    2003    20016   20017   20018   20019   
RBE0    2004    2004    20020   20021   20022   20023   
RBE0    2005    2005    20024   20025   20026   20027   
RBE0    2006    2006    20028   20029   20030   20031   
RBE0    2007    2007    20032   20033   20034   20035   
RBE0    2008    2008    20036   20037   20038   20039   
RBE0    2009    2009    20040   20041   20042   20043   
RBE0    2010    2010    20044   20045   20046   20047   
RBE0    2011    2011    20048   20049   20050   20051   
RBE0    2012    2012    20052   20053   20054   20055   
RBE0    2013    2013    20056   20057   20058   20059   
RBE0    2014    2014    20060   20061   20062   20063   
RBE0    2015    2015    20064   20065   20066   20067   
GRID    20068   0       30.5649 -0.925  -1.295  0       0       0       
GRID    20069   0       35.6548 -0.925  -2.5675 0       0       0       
GRID    20070   0       40.7446 -0.925  -1.295  0       0       0       
GRID    20071   0       35.6548 -0.925  -0.022530       0       0       
GRID    20072   0       31.9732 -1.85   -1.295  0       0       0       
GRID    20073   0       35.6548 -1.85   -2.5675 0       0       0       
GRID    20074   0       39.3363 -1.85   -1.295  0       0       0       
GRID    20075   0       35.6548 -1.85   -0.022530       0       0       
GRID    20076   0       34.3502 -5.5026 -0.8914 0       0       0       
GRID    20077   0       36.8522 -3.2278 -2.1914 0       0       0       
GRID    20078   0       39.3894 -0.74286-1.4756 0       0       0       
GRID    20079   0       36.8874 -3.0176 -0.1756 0       0       0       
GRID    20080   0       35.7129 -6.6358 -0.797040       0       0       
GRID    20081   0       38.0717 -4.4737 -1.8224 0       0       0       
GRID    20082   0       40.4568 -2.1551 -1.347  0       0       0       
GRID    20083   0       38.0979 -4.3172 -0.321630       0       0       
GRID    20084   0       35.7296 -7.2807 -0.833040       0       0       
GRID    20085   0       38.7167 -5.4843 -1.7008 0       0       0       
GRID    20086   0       41.7279 -3.5934 -1.1907 0       0       0       
GRID    20087   0       38.7408 -5.3898 -0.3229 0       0       0       
GRID    20088   0       36.651  -8.1518 -0.789410       0       0       
GRID    20089   0       39.3617 -6.5216 -1.5769 0       0       0       
GRID    20090   0       42.0943 -4.8057 -1.114  0       0       0       
GRID    20091   0       39.3836 -6.4359 -0.326470       0       0       
GRID    20092   0       37.5724 -9.0229 -0.745790       0       0       
GRID    20093   0       40.0068 -7.5589 -1.453  0       0       0       
GRID    20094   0       42.4608 -6.0179 -1.0373 0       0       0       
GRID    20095   0       40.0264 -7.4819 -0.330040       0       0       
GRID    20096   0       38.4937 -9.894  -0.702160       0       0       
GRID    20097   0       40.6518 -8.5962 -1.3291 0       0       0       
GRID    20098   0       42.8273 -7.2301 -0.960550       0       0       
GRID    20099   0       40.6692 -8.5279 -0.333610       0       0       
GRID    20100   0       40.8396 -11.6478-0.6358 0       0       0       
GRID    20101   0       42.2831 -10.3285-1.1831 0       0       0       
GRID    20102   0       43.733  -8.9517 -0.828550       0       0       
GRID    20103   0       42.2895 -10.271 -0.281240       0       0       
GRID    20104   0       42.6163 -13.245 -0.546680       0       0       
GRID    20105   0       43.9092 -12.0633-1.0369 0       0       0       
GRID    20106   0       45.208  -10.8301-0.719320       0       0       
GRID    20107   0       43.915  -12.0118-0.2291 0       0       0       
GRID    20108   0       44.393  -14.8421-0.457550       0       0       
GRID    20109   0       45.5354 -13.798 -0.890690       0       0       
GRID    20110   0       46.6829 -12.7084-0.610090       0       0       
GRID    20111   0       45.5405 -13.7525-0.176950       0       0       
GRID    20112   0       46.1697 -16.4393-0.368420       0       0       
GRID    20113   0       47.1615 -15.5328-0.744480       0       0       
GRID    20114   0       48.1578 -14.5868-0.500860       0       0       
GRID    20115   0       47.166  -15.4933-0.1248 0       0       0       
GRID    20116   0       47.9464 -18.0364-0.2793 0       0       0       
GRID    20117   0       48.7877 -17.2675-0.598270       0       0       
GRID    20118   0       49.6327 -16.4651-0.391630       0       0       
GRID    20119   0       48.7915 -17.234 -0.072650       0       0       
GRID    20120   0       49.7231 -19.6336-0.190170       0       0       
GRID    20121   0       50.4138 -19.0023-0.452060       0       0       
GRID    20122   0       51.1077 -18.3435-0.2824 0       0       0       
GRID    20123   0       50.4169 -18.9748-0.020500       0       0       
GRID    20124   0       51.4998 -21.2307-0.101040       0       0       
GRID    20125   0       52.04   -20.737 -0.305850       0       0       
GRID    20126   0       52.5826 -20.2218-0.173170       0       0       
GRID    20127   0       52.0424 -20.71550.03164 0       0       0       
GRID    20128   0       52.9357 -22.4654-0.063430       0       0       
GRID    20129   0       53.6713 -22.4704-0.159650       0       0       
GRID    20130   0       54.3984 -22.4627-0.012420       0       0       
GRID    20131   0       53.6628 -22.45770.0837970       0       0       
RBE0    2016    2016    20068   20069   20070   20071   
RBE0    2017    2017    20072   20073   20074   20075   
RBE0    2018    2018    20076   20077   20078   20079   
RBE0    2019    2019    20080   20081   20082   20083   
RBE0    2020    2020    20084   20085   20086   20087   
RBE0    2021    2021    20088   20089   20090   20091   
RBE0    2022    2022    20092   20093   20094   20095   
RBE0    2023    2023    20096   20097   20098   20099   
RBE0    2024    2024    20100   20101   20102   20103   
RBE0    2025    2025    20104   20105   20106   20107   
RBE0    2026    2026    20108   20109   20110   20111   
RBE0    2027    2027    20112   20113   20114   20115   
RBE0    2028    2028    20116   20117   20118   20119   
RBE0    2029    2029    20120   20121   20122   20123   
RBE0    2030    2030    20124   20125   20126   20127   
RBE0    2031    2031    20128   20129   20130   20131   
GRID    30000   0       45.0278 0       1.85    0       0       0       
GRID    30001   0       47.3935 -0.705111.85    0       0       0       
GRID    30002   0       49.7591 0       1.85    0       0       0       
GRID    30003   0       47.3935 0.70511 1.85    0       0       0       
GRID    30004   0       47.2698 0       4.566   0       0       0       
GRID    30005   0       48.6286 0.66398 2.8008  0       0       0       
GRID    30006   0       49.9875 0       1.0356  0       0       0       
GRID    30007   0       48.6286 -0.663982.8008  0       0       0       
GRID    30008   0       48.5891 0       5.4075  0       0       0       
GRID    30009   0       49.8638 0.62285 3.7517  0       0       0       
GRID    30010   0       51.1385 0       2.0958  0       0       0       
GRID    30011   0       49.8638 -0.622853.7517  0       0       0       
GRID    30012   0       49.9085 0       6.249   0       0       0       
GRID    30013   0       51.099  0.58172 4.7025  0       0       0       
GRID    30014   0       52.2895 0       3.156   0       0       0       
GRID    30015   0       51.099  -0.581724.7025  0       0       0       
GRID    30016   0       51.717  0       7.4588  0       0       0       
GRID    30017   0       52.8194 0.53163 6.0269  0       0       0       
GRID    30018   0       53.9217 0       4.5949  0       0       0       
GRID    30019   0       52.8194 -0.531636.0269  0       0       0       
GRID    30020   0       53.5425 0       8.6467  0       0       0       
GRID    30021   0       54.5398 0.47194 7.3513  0       0       0       
GRID    30022   0       55.537  0       6.0558  0       0       0       
GRID    30023   0       54.5398 -0.471947.3513  0       0       0       
GRID    30024   0       55.368  0       9.8346  0       0       0       
GRID    30025   0       56.2602 0.41225 8.6756  0       0       0       
GRID    30026   0       57.1524 0       7.5167  0       0       0       
GRID    30027   0       56.2602 -0.412258.6756  0       0       0       
GRID    30028   0       56.6903 0       10      0       0       0       
GRID    30029   0       57.9806 -0.3525610      0       0       0       
GRID    30030   0       59.2709 0       10      0       0       0       
GRID    30031   0       57.9806 0.35256 10      0       0       0       
RBE0    3000    3000    30000   30001   30002   30003   
RBE0    3001    3001    30004   30005   30006   30007   
RBE0    3002    3002    30008   30009   30010   30011   
RBE0    3003    3003    30012   30013   30014   30015   
RBE0    3004    3004    30016   30017   30018   30019   
RBE0    3005    3005    30020   30021   30022   30023   
RBE0    3006    3006    30024   30025   30026   30027   
RBE0    3007    3007    30028   30029   30030   30031   
GRID    40000   0       56.2985 0       10      0       0       0       
GRID    40001   0       57.9806 0       9.6636  0       0       0       
GRID    40002   0       59.6627 0       10      0       0       0       
GRID    40003   0       57.9806 0       10.3364 0       0       0       
GRID    40004   0       56.2985 0.17628 10      0       0       0       
GRID    40005   0       57.9806 0.17628 9.6636  0       0       0       
GRID    40006   0       59.6627 0.17628 10      0       0       0       
GRID    40007   0       57.9806 0.17628 10.3364 0       0       0       
GRID    40008   0       56.8085 0.35256 10      0       0       0       
GRID    40009   0       57.9806 0.35256 9.6636  0       0       0       
GRID    40010   0       59.1527 0.35256 10      0       0       0       
GRID    40011   0       57.9806 0.35256 10.3364 0       0       0       
GRID    40012   0       57.9875 1.8492  10      0       0       0       
GRID    40013   0       58.7321 1.0826  9.6932  0       0       0       
GRID    40014   0       59.4768 0.31603 10      0       0       0       
GRID    40015   0       58.7321 1.0826  10.3068 0       0       0       
GRID    40016   0       58.8111 2.5051  10      0       0       0       
GRID    40017   0       59.4837 1.8126  9.7229  0       0       0       
GRID    40018   0       60.1563 1.1202  10      0       0       0       
GRID    40019   0       59.4837 1.8126  10.2771 0       0       0       
GRID    40020   0       60.7098 4.0173  10      0       0       0       
GRID    40021   0       61.2164 3.4958  9.7913  0       0       0       
GRID    40022   0       61.723  2.9743  10      0       0       0       
GRID    40023   0       61.2164 3.4958  10.2087 0       0       0       
GRID    40024   0       62.2477 5.179   10      0       0       0       
GRID    40025   0       62.9492 5.179   9.8597  0       0       0       
GRID    40026   0       63.6507 5.179   10      0       0       0       
GRID    40027   0       62.9492 5.179   10.1403 0       0       0       
RBE0    3007    3007    40000   40001   40002   40003   
RBE0    4000    4000    40004   40005   40006   40007   
RBE0    4001    4001    40008   40009   40010   40011   
RBE0    4002    4002    40012   40013   40014   40015   
RBE0    4003    4003    40016   40017   40018   40019   
RBE0    4004    4004    40020   40021   40022   40023   
RBE0    4005    4005    40024   40025   40026   40027   
GRID    40028   0       56.2985 -0.1762810      0       0       0       
GRID    40029   0       57.9806 -0.176289.6636  0       0       0       
GRID    40030   0       59.6627 -0.1762810      0       0       0       
GRID    40031   0       57.9806 -0.1762810.3364 0       0       0       
GRID    40032   0       56.8085 -0.3525610      0       0       0       
GRID    40033   0       57.9806 -0.352569.6636  0       0       0       
GRID    40034   0       59.1527 -0.3525610      0       0       0       
GRID    40035   0       57.9806 -0.3525610.3364 0       0       0       
GRID    40036   0       57.9875 -1.8492 10      0       0       0       
GRID    40037   0       58.7321 -1.0826 9.6932  0       0       0       
GRID    40038   0       59.4768 -0.3160310      0       0       0       
GRID    40039   0       58.7321 -1.0826 10.3068 0       0       0       
GRID    40040   0       58.8111 -2.5051 10      0       0       0       
GRID    40041   0       59.4837 -1.8126 9.7229  0       0       0       
GRID    40042   0       60.1563 -1.1202 10      0       0       0       
GRID    40043   0       59.4837 -1.8126 10.2771 0       0       0       
GRID    40044   0       60.7098 -4.0173 10      0       0       0       
GRID    40045   0       61.2164 -3.4958 9.7913  0       0       0       
GRID    40046   0       61.723  -2.9743 10      0       0       0       
GRID    40047   0       61.2164 -3.4958 10.2087 0       0       0       
GRID    40048   0       62.2477 -5.179  10      0       0       0       
GRID    40049   0       62.9492 -5.179  9.8597  0       0       0       
GRID    40050   0       63.6507 -5.179  10      0       0       0       
GRID    40051   0       62.9492 -5.179  10.1403 0       0       0       
RBE0    4006    4006    40028   40029   40030   40031   
RBE0    4007    4007    40032   40033   40034   40035   
RBE0    4008    4008    40036   40037   40038   40039   
RBE0    4009    4009    40040   40041   40042   40043   
RBE0    4010    4010    40044   40045   40046   40047   
RBE0    4011    4011    40048   40049   40050   40051   

$-------2-------3-------4-------5-------6-------7-------8-------9-------10
$ Beam properties
$-------2-------3-------4-------5-------6-------7-------8-------9-------10
PBARGFF 1000    1       0.0005  4.31e-063.2844  1.0133  165.0221
        2       0.76    2.628   1.576   6.25e-055.24    2795.7177.37e+10
        0.8877  0       0       0.8877  -0.8877 0       0       -0.8877 
PBARGFF 1001    1       0.0005  6.97e-050.55862 1.66    358.6457
        2       0.76    2.628   1.576   6.25e-055.24    2795.7177.37e+10
        1.6239  0       0       1.6239  -1.6239 0       0       -1.6239 
PBARGFF 1002    1       0.0006880.0001990.33104 1.85    1026.545
        2       0.76    2.628   1.576   6.25e-055.24    2795.7177.37e+10
        1.85    0       0       1.85    -1.85   0       0       -1.85   
PBARGFF 1003    1       0.0011270.0003270.33104 1.85    1026.561
        2       0.76    2.628   1.576   6.25e-055.24    2795.7177.37e+10
        1.85    0       0       1.85    -1.85   0       0       -1.85   
PBARGFF 1004    1       0.0016970.0003460.47032 1.85    1026.561
        2       0.76    2.628   1.576   6.25e-055.24    2795.7177.37e+10
        1.85    0       0       1.85    -1.85   0       0       -1.85   
PBARGFF 1005    1       0.0015400.0003450.42794 1.85    1026.561
        2       0.76    2.628   1.576   6.25e-055.24    2795.7177.37e+10
        1.85    0       0       1.85    -1.85   0       0       -1.85   
PBARGFF 1006    1       0.0010290.0002980.33104 1.85    1026.561
        2       0.76    2.628   1.576   6.25e-055.24    2795.7177.37e+10
        1.85    0       0       1.85    -1.85   0       0       -1.85   
PBARGFF 1007    1       0.0007810.0002260.33104 1.85    382.357 
        2       0.76    2.628   1.576   6.25e-055.24    2795.7177.37e+10
        1.85    0       0       1.85    -1.85   0       0       -1.85   
PBARGFF 1008    1       0.0006360.0001840.33104 1.85    380.8883
        2       0.76    2.628   1.576   6.25e-055.24    2795.7177.37e+10
        1.85    0       0       1.85    -1.85   0       0       -1.85   
PBARGFF 1009    1       0.0006990.0001670.27427 1.5328  253.65  
        2       0.76    2.628   1.576   6.25e-055.24    2795.7177.37e+10
        1.4785  0       0       1.4785  -1.4785 0       0       -1.4785 
PBARGFF 1010    1       0.0016396.46e-050.44752 0.79162 66.7111 
        2       0.76    2.628   1.576   6.25e-055.24    2795.7177.37e+10
        0.66957 0       0       0.66957 -0.669570       0       -0.66957
PBARGMW 2000    2       0.0005080.0057960.15356 10.1797 2.5449  
        0.407   1       2       0.605   3       3.62    6173.783
        0       5.5934  1.2635  0       0       -5.5934 -1.2635 0       
PBARGMW 2001    2       0.0005080.0057960.15356 8.7714  2.5449  
        0.407   1       2       0.605   3       3.62    6173.783
        0       4.2342  1.2815  0       0       -4.2342 -1.2815 0       
PBARGMW 2002    2       0.0005080.0055600.14348 7.1597  2.286   
        0.407   1       2       0.605   3       3.62    6887.757
        0       3.5798  1.143   0       0       -3.5798 -1.143  0       
PBARGMW 2003    2       0.0005080.0055730.12295 6.7529  1.7681  
        0.407   1       2       0.605   3       3.62    5037.998
        0       3.3765  0.88406 0       0       -3.3765 -0.884060       
PBARGMW 2004    2       0.0005110.0052680.10475 7.3761  1.4453  
        0.407   1       2       0.605   3       3.62    2083.365
        0       3.6902  0.72264 0       0       -3.6902 -0.722640       
PBARGMW 2005    2       0.0005080.0054820.0997996.7239  1.3175  
        0.407   1       2       0.605   3       3.62    1694.558
        0       3.3619  0.65874 0       0       -3.3619 -0.658740       
PBARGMW 2006    2       0.0005080.0057520.09474 6.0717  1.1897  
        0.407   1       2       0.605   3       3.62    1391.640
        0       3.0358  0.59484 0       0       -3.0358 -0.594840       
PBARGMW 2007    2       0.0005080.0061060.0895955.4194  1.0619  
        0.407   1       2       0.605   3       3.62    1126.107
        0       2.7096  0.53095 0       0       -2.7096 -0.530950       
PBARGMW 2008    2       0.0005080.0068030.0865854.1661  0.95085 
        0.407   1       2       0.605   3       3.62    806.1346
        0       2.0816  0.47544 0       0       -2.0816 -0.475440       
PBARGMW 2009    2       0.0005080.0057850.0765163.7531  0.8566  
        0.407   1       2       0.605   3       3.62    680.5331
        0       1.8765  0.4283  0       0       -1.8765 -0.4283 0       
PBARGMW 2010    2       0.0005080.0047290.0661973.3401  0.76234 
        0.407   1       2       0.605   3       3.62    545.1383
        0       1.6701  0.38117 0       0       -1.6701 -0.381170       
PBARGMW 2011    2       0.0005080.0036470.0555922.9271  0.66808 
        0.407   1       2       0.605   3       3.62    424.7001
        0       1.4636  0.33404 0       0       -1.4636 -0.334040       
PBARGMW 2012    2       0.0005080.0025610.0446462.5142  0.57383 
        0.407   1       2       0.605   3       3.62    319.2174
        0       1.2571  0.28691 0       0       -1.2571 -0.286910       
PBARGMW 2013    2       0.0005080.0015160.0332642.1012  0.47957 
        0.407   1       2       0.605   3       3.62    228.6903
        0       1.0506  0.23979 0       0       -1.0506 -0.239790       
PBARGMW 2014    2       0.0005080.0007550.0212521.6882  0.38531 
        0.407   1       2       0.605   3       3.62    153.1187
        0       0.84411 0.19266 0       0       -0.84411-0.192660       
PBARGMW 2015    2       0.0005080.0005080.0080081.2752  0.29106 
        0.407   1       2       0.605   3       3.62    90.1659 
        0       0.63762 0.14553 0       0       -0.63762-0.145530       
PBARGMW 3000    3       0.0005080.0016660.0564787.7562  1.4102  
        0.505   1       2       0.656   3       3.62    0       
        0       2.3014  0.68598 0       0       -2.3014 -0.685980       
PBARGMW 3001    3       0.0005080.0015600.0537  4.6029  1.372   
        0.505   1       2       0.656   3       3.62    18.1948 
        0       2.3014  0.68598 0       0       -2.3014 -0.685980       
PBARGMW 3002    3       0.0005080.0013530.0481844.346   1.2954  
        0.505   1       2       0.656   3       3.62    17.3043 
        0       2.173   0.6477  0       0       -2.173  -0.6477 0       
PBARGMW 3003    3       0.0005080.0011580.0428324.0892  1.2189  
        0.505   1       2       0.656   3       3.62    16.4365 
        0       2.0446  0.60943 0       0       -2.0446 -0.609430       
PBARGMW 3004    3       0.0005080.0009480.03683 3.7989  1.1273  
        0.505   1       2       0.656   3       3.62    17.4038 
        0       1.8996  0.56364 0       0       -1.8996 -0.563640       
PBARGMW 3005    3       0.0005080.0007050.0296333.4913  1.0207  
        0.505   1       2       0.656   3       3.62    14.075  
        0       1.7456  0.51033 0       0       -1.7456 -0.510330       
PBARGMW 3006    3       0.0005080.0005080.0218663.1836  0.91403 
        0.505   1       2       0.656   3       3.62    12.676  
        0       1.5918  0.45702 0       0       -1.5918 -0.457020       
PBARGMW 3007    3       0.0005080.0005080.0129392.8759  0.80741 
        0.505   1       2       0.656   3       3.62    11.4355 
        0       1.4379  0.4037  0       0       -1.4379 -0.4037 0       
PBARGMW 4000    4       0.0008570.0034740.0663473.3642  0.67285 
        0.407   1       2       0.605   3       3.62    0       
        0       1.8573  0.33578 0       0       -1.8573 -0.335780       
PBARGMW 4001    4       0.0008570.0034740.0663472.8542  0.67285 
        0.407   1       2       0.605   3       3.62    0       
        0       1.3795  0.33707 0       0       -1.3795 -0.337070       
PBARGMW 4002    4       0.0007870.0031900.0619132.2408  0.64318 
        0.407   1       2       0.605   3       3.62    19.6146 
        0       1.1204  0.32159 0       0       -1.1204 -0.321590       
PBARGMW 4003    4       0.0005790.0026180.0529  2.0341  0.58385 
        0.407   1       2       0.605   3       3.62    19.2567 
        0       1.017   0.29193 0       0       -1.017  -0.291930       
PBARGMW 4004    4       0.0005080.0016680.0374981.6924  0.48579 
        0.407   1       2       0.605   3       3.62    14.6265 
        0       0.84621 0.24289 0       0       -0.84621-0.242890       
PBARGMW 4005    4       0.0005080.0005080.0143231.2159  0.349   
        0.407   1       2       0.605   3       3.62    9.8644  
        0       0.60793 0.1745  0       0       -0.60793-0.1745 0       

$-------2-------3-------4-------5-------6-------7-------8-------9-------10
 Lifting surfaces definition
$-------2-------3-------4-------5-------6-------7-------8-------9-------10
CAERO1  200     0       0       1       8       n64a206 n64a206 1       
        20.3856 0       -1.1398 25.4493 1.85    1       0       1       1       
CAERO1  204     0       0       1       8       n64a206 n64a206 1       
        20.3856 0       -1.1398 25.4493 -1.85   1       0       1       1       
CAERO1  201     3       0       4       8       n64a206 n64a206 1       
        20.3856 1.8474  -1.1398 25.4493 2.5504  0.593   71.3675 1       1       
        1       0.2     0.2     3        c1wingr
CAERO1  205     -3      0       4       8       n64a206 n64a206 1       
        20.3856 -1.8474 -1.1398 25.4493 -2.5504 0.593   -71.36751       1       
        1       0.2     0.2     3        c1wingl
CAERO1  202     3       0       4       8       n64a206 n64a206 1       
        30.5395 4.3929  -1.0063 15.0916 4.1732  0.66128 42.7191 1       1       
        1       0.2     0.2     3        c2wingr
CAERO1  206     -3      0       4       8       n64a206 n64a206 1       
        30.5395 -4.3929 -1.0063 15.0916 -4.1732 0.66128 -42.71911       1       
        1       0.2     0.2     3        c2wingl
CAERO1  203     3       0       8       10      n64a206 n64a206 1       
        35.6709 8.5605  -0.787879.9797  7.1705  0.61088 46.9245 1       -0.545  
        0       
        3       8       6.7528  0.40011 n64a206 46.9245 -2      1       
        1       0.25    0.25    6        c3wingr
CAERO1  207     -3      0       8       10      n64a206 n64a206 1       
        35.6709 -8.5605 -0.787879.9797  -7.1705 0.61088 -46.92451       -0.545  
        0       
        -3      8       -6.7528 0.40011 n64a206 -46.9245-2      1       
        1       0.25    0.25    6        c3wingl
CAERO1  400     0       0       1       6       n64a006 n64a006 1       
        55.2892 0       10      6.7285  0.35256 1       0       -10     -10       
CAERO1  403     0       0       1       6       n64a006 n64a006 1       
        55.2892 0       10      6.7285  -0.352561       0       -10     -10       
CAERO1  401     0       0       2       6       n64a006 n64a006 1       
        55.2892 0.35256 10      6.7285  1.4601  0.82364 49.0244 -10     -10       
        1       0.3     0.3     6          c1htr
CAERO1  404     0       0       2       6       n64a006 n64a006 1       
        55.2892 -0.3525610      6.7285  -1.4601 0.82364 -49.0244-10     -10       
        1       0.3     0.3     6          c1htl
CAERO1  402     0       0       4       8       n64a006 n64a006 1       
        57.267  1.8126  10      5.5419  3.3664  0.50633 49.0244 -10     -10       
        1       0.3     0.3     6          c2htr
CAERO1  405     0       0       4       8       n64a006 n64a006 1       
        57.267  -1.8126 10      5.5419  -3.3664 0.50633 -49.0244-10     -10      
        1       0.3     0.3     6          c2htl
CAERO1  300     90      0       4       6       n64a006 n64a006 1       
        41.4    0       1.85    14.1022 2.8525  0.825   55.4158 0       0       
        1       0.3     0.3     6           c1vt
CAERO1  301     90      0       6       6       n64a006 n64a006 1       
        46.1544 0       4.7025  11.6344 5.2975  0.60606 55.4158 0       0       
        1       0.3     0.3     6           c2vt

$-------2-------3-------4-------5-------6-------7-------8-------9-------10
 Links aeroelastic variables
$-------2-------3-------4-------5-------6-------7-------8-------9-------10
AELINK  1        c1wingr c1wingl-1.0    
AELINK  2        c2wingr c2wingl-1.0    
AELINK  3        c3wingr c3wingl1.0     
AELINK  4           c1vt    c2vt1.0     
AELINK  5          c1htr   c2htr1.0     
AELINK  6          c1htl   c2htr-1.0    
AELINK  7          c2htl   c2htr-1.0    

$-------2-------3-------4-------5-------6-------7-------8-------9-------10
 Structural interpolation set
$-------2-------3-------4-------5-------6-------7-------8-------9-------10
SET1    2       1006    2000    2001    2002    2003    2004    2005    
        2006    2007    2008    2009    2010    2011    2012    2013    
        2014    2015    20000   20001   20002   20003   20004   20005   
        20006   20007   20008   20009   20010   20011   20012   20013   
        20014   20015   20016   20017   20018   20019   20020   20021   
        20022   20023   20024   20025   20026   20027   20028   20029   
        20030   20031   20032   20033   20034   20035   20036   20037   
        20038   20039   20040   20041   20042   20043   20044   20045   
        20046   20047   20048   20049   20050   20051   20052   20053   
        20054   20055   20056   20057   20058   20059   20060   20061   
        20062   20063   20064   20065   20066   20067   
SET1    3       1006    2016    2017    2018    2019    2020    2021    
        2022    2023    2024    2025    2026    2027    2028    2029    
        2030    2031    20000   20001   20002   20003   20068   20069   
        20070   20071   20072   20073   20074   20075   20076   20077   
        20078   20079   20080   20081   20082   20083   20084   20085   
        20086   20087   20088   20089   20090   20091   20092   20093   
        20094   20095   20096   20097   20098   20099   20100   20101   
        20102   20103   20104   20105   20106   20107   20108   20109   
        20110   20111   20112   20113   20114   20115   20116   20117   
        20118   20119   20120   20121   20122   20123   20124   20125   
        20126   20127   20128   20129   20130   20131   
SET1    4       1008    3000    3001    3002    3003    3004    3005    
        3006    3007    40000   40001   40002   40003   30000   30001   
        30002   30003   30004   30005   30006   30007   30008   30009   
        30010   30011   30012   30013   30014   30015   30016   30017   
        30018   30019   30020   30021   30022   30023   30024   30025   
        30026   30027   30028   30029   30030   30031   
SET1    5       3007    4000    4001    4002    4003    4004    4005    
        30000   30001   30002   30003   40000   40001   40002   40003   
        40004   40005   40006   40007   40008   40009   40010   40011   
        40012   40013   40014   40015   40016   40017   40018   40019   
        40020   40021   40022   40023   40024   40025   40026   40027   
SET1    6       3007    4006    4007    4008    4009    4010    4011    
        40000   40001   40002   40003   40028   40029   40030   40031   
        40032   40033   40034   40035   40036   40037   40038   40039   
        40040   40041   40042   40043   40044   40045   40046   40047   
        40048   40049   40050   40051   

$-------2-------3-------4-------5-------6-------7-------8-------9-------10
 Interpolation definition
$-------2-------3-------4-------5-------6-------7-------8-------9-------10
SPLINE2 200     200     1       8       2       2       
SPLINE2 201     201     1       44      2       2       
SPLINE2 202     202     1       44      2       2       
SPLINE2 203     203     1       208     2       2       
SPLINE2 204     204     1       8       3       2       
SPLINE2 205     205     1       44      3       2       
SPLINE2 206     206     1       44      3       2       
SPLINE2 207     207     1       208     3       2       
SPLINE2 300     300     1       48      4       2       
SPLINE2 301     301     1       72      4       2       
SPLINE2 400     400     1       6       5       2       
SPLINE2 401     401     1       24      5       2       
SPLINE2 402     402     1       56      5       2       
SPLINE2 403     403     1       6       6       2       
SPLINE2 404     404     1       24      6       2       
SPLINE2 405     405     1       56      6       2       


$-------2-------3-------4-------5-------6-------7-------8-------9-------10
 Lumped masses
$-------2-------3-------4-------5-------6-------7-------8-------9-------10
CONM2   1       1000    0       193.33020       0       0       
        0       0       0       0       0       0       
CONM2   2       1001    0       509.11970       0       0       
        0       0       0       0       0       0       
CONM2   3       1002    0       852.26080       0       0       
        0       0       0       0       0       0       
CONM2   4       1003    0       1072.9540       0       0       
        0       0       0       0       0       0       
CONM2   5       1004    0       1072.9650       0       0       
        0       0       0       0       0       0       
CONM2   6       1005    0       1211.6420       0       0       
        0       0       0       0       0       0       
CONM2   7       1006    0       1211.6420       0       0       
        0       0       0       0       0       0       
CONM2   8       1007    0       1045.3540       0       0       
        0       0       0       0       0       0       
CONM2   9       1008    0       793.04190       0       0       
        0       0       0       0       0       0       
CONM2   10      1009    0       618.35  0       0       0       
        0       0       0       0       0       0       
CONM2   11      1010    0       372.74260       0       0       
        0       0       0       0       0       0       
CONM2   12      1011    0       38.5625 0       0       0       
        0       0       0       0       0       0       
CONM2   13      1006    0       403.38120       0       0       
        0       0       0       0       0       0       
CONM2   14      2000    0       806.76240       0       0       
        0       0       0       0       0       0       
CONM2   15      2001    0       1843.3270       0       0       
        0       0       0       0       0       0       
CONM2   16      2002    0       2490.8220       0       0       
        0       0       0       0       0       0       
CONM2   17      2003    0       1342.8890       0       0       
        0       0       0       0       0       0       
CONM2   18      2004    0       527.75310       0       0       
        0       0       0       0       0       0       
CONM2   19      2005    0       427.99950       0       0       
        0       0       0       0       0       0       
CONM2   20      2006    0       345.47240       0       0       
        0       0       0       0       0       0       
CONM2   21      2007    0       366.41270       0       0       
        0       0       0       0       0       0       
CONM2   22      2008    0       392.07310       0       0       
        0       0       0       0       0       0       
CONM2   23      2009    0       320.586 0       0       0       
        0       0       0       0       0       0       
CONM2   24      2010    0       250.592 0       0       0       
        0       0       0       0       0       0       
CONM2   25      2011    0       189.25240       0       0       
        0       0       0       0       0       0       
CONM2   26      2012    0       136.56690       0       0       
        0       0       0       0       0       0       
CONM2   27      2013    0       92.5355 0       0       0       
        0       0       0       0       0       0       
CONM2   28      2014    0       57.1582 0       0       0       
        0       0       0       0       0       0       
CONM2   29      2015    0       20.8165 0       0       0       
        0       0       0       0       0       0       
CONM2   30      1006    0       403.38120       0       0       
        0       0       0       0       0       0       
CONM2   31      2016    0       806.76240       0       0       
        0       0       0       0       0       0       
CONM2   32      2017    0       1843.3270       0       0       
        0       0       0       0       0       0       
CONM2   33      2018    0       2490.8220       0       0       
        0       0       0       0       0       0       
CONM2   34      2019    0       1342.8890       0       0       
        0       0       0       0       0       0       
CONM2   35      2020    0       527.75310       0       0       
        0       0       0       0       0       0       
CONM2   36      2021    0       427.99950       0       0       
        0       0       0       0       0       0       
CONM2   37      2022    0       345.47240       0       0       
        0       0       0       0       0       0       
CONM2   38      2023    0       366.41270       0       0       
        0       0       0       0       0       0       
CONM2   39      2024    0       392.07310       0       0       
        0       0       0       0       0       0       
CONM2   40      2025    0       320.586 0       0       0       
        0       0       0       0       0       0       
CONM2   41      2026    0       250.592 0       0       0       
        0       0       0       0       0       0       
CONM2   42      2027    0       189.25240       0       0       
        0       0       0       0       0       0       
CONM2   43      2028    0       136.56690       0       0       
        0       0       0       0       0       0       
CONM2   44      2029    0       92.5355 0       0       0       
        0       0       0       0       0       0       
CONM2   45      2030    0       57.1582 0       0       0       
        0       0       0       0       0       0       
CONM2   46      2031    0       20.8165 0       0       0       
        0       0       0       0       0       0       
CONM2   47      3000    0       77.8046 0       0       0       
        0       0       0       0       0       0       
CONM2   48      3001    0       430.09870       0       0       
        0       0       0       0       0       0       
CONM2   49      3002    0       388.58040       0       0       
        0       0       0       0       0       0       
CONM2   50      3003    0       358.89660       0       0       
        0       0       0       0       0       0       
CONM2   51      3004    0       278.21780       0       0       
        0       0       0       0       0       0       
CONM2   52      3005    0       189.04160       0       0       
        0       0       0       0       0       0       
CONM2   53      3006    0       155.66430       0       0       
        0       0       0       0       0       0       
CONM2   54      3007    0       70.1235 0       0       0       
        0       0       0       0       0       0       
CONM2   55      3007    0       25.0619 0       0       0       
        0       0       0       0       0       0       
CONM2   56      4000    0       50.1239 0       0       0       
        0       0       0       0       0       0       
CONM2   57      4001    0       97.6851 0       0       0       
        0       0       0       0       0       0       
CONM2   58      4002    0       132.475 0       0       0       
        0       0       0       0       0       0       
CONM2   59      4003    0       153.59230       0       0       
        0       0       0       0       0       0       
CONM2   60      4004    0       143.63930       0       0       
        0       0       0       0       0       0       
CONM2   61      4005    0       49.8989 0       0       0       
        0       0       0       0       0       0       
CONM2   62      3007    0       25.0619 0       0       0       
        0       0       0       0       0       0       
CONM2   63      4006    0       50.1239 0       0       0       
        0       0       0       0       0       0       
CONM2   64      4007    0       97.6851 0       0       0       
        0       0       0       0       0       0       
CONM2   65      4008    0       132.475 0       0       0       
        0       0       0       0       0       0       
CONM2   66      4009    0       153.59230       0       0       
        0       0       0       0       0       0       
CONM2   67      4010    0       143.63930       0       0       
        0       0       0       0       0       0       
CONM2   68      4011    0       49.8989 0       0       0       
        0       0       0       0       0       0       
CONM2   69      2008    0       17772.942.1887  -3.2335 0.73218 
        0       0       0       0       0       0       
CONM2   70      2024    0       17772.942.1887  3.2335  0.73218 
        0       0       0       0       0       0       
