                               
$ Mass Configuration 1
$ Wing Fuel: 100% (0 Kg)
$ Central Fuel: 100% (0 Kg)
$ Passengers: 100% (11793.47 Kg)
$ Baggage: 100% (1179.1 Kg)
$
$ Summary for total structural masses (CT included except for tailbooms): 
$ Wing: 6150.9087 Kg
$ Htail: 739.4422 Kg
$ Vtail: 666.9894 Kg
$ Fuselage: 7101.8241 Kg
$ Canard: 0 Kg
$ Tailbooms: 0 Kg
$
$ Summary for secondary masses along fuselage (as PBAR density):
$ Furniture: 7067.7572 Kg
$ Interior:  3962.1045 Kg
$ Pilots: 170 Kg
$ Crew: 300 Kg
$ Paint: 82.9808 Kg
$
$-------2-------3-------4-------5-------6-------7-------8-------9-------10
$ Material definition
$-------2-------3-------4-------5-------6-------7-------8-------9-------10
MAT1    1       7.3e+011        0.3     1e-08           
        4.0e+0083.7e+0082.2e+008
MAT1    200     7.3e+010        0.3     1e-08        
        2.3e+0082.3e+0081.3e+008 
MAT1    300     7.3e+011        0.3     1e-08         
        2.3e+0082.3e+0081.3e+008
MAT1    400     7.3e+011        0.3     1e-08            
        2.3e+0082.3e+0081.3e+008

$-------2-------3-------4-------5-------6-------7-------8-------9-------10
$ Node definition
$-------2-------3-------4-------5-------6-------7-------8-------9-------10
GRID    1000    0       0       0       -0.806960       0       0       
GRID    1001    0       4.38    0       0       0       0       0       
GRID    1002    0       7.57    0       0       0       0       0       
GRID    1003    0       11.355  0       0       0       0       0       
GRID    1004    0       15.64   0       0       0       0       0       
GRID    1005    0       18.925  0       0       0       0       0       
GRID    1006    0       22.6008 0       0       0       0       0       
GRID    1007    0       26.9    0       0       0       0       0       
GRID    1008    0       30.28   0       0.3738120       0       0       
GRID    1009    0       33.8227 0       0.7656160       0       0       
GRID    1010    0       37.85   0       1.21102 0       0       0       
GRID    2001    0       22.6008 0.893848-0.9855 0       0       0       
GRID    2002    0       22.6008 1.7877  -0.9855 0       0       0       
GRID    2003    0       22.787  2.8323  -0.919220       0       0       
GRID    2004    0       22.9733 3.87691 -0.852940       0       0       
GRID    2005    0       23.1595 4.92152 -0.786670       0       0       
GRID    2006    0       23.3457 5.96612 -0.720390       0       0       
GRID    2007    0       23.5488 6.98563 -0.656570       0       0       
GRID    2008    0       23.752  8.00514 -0.592760       0       0       
GRID    2009    0       23.9552 9.02465 -0.528940       0       0       
GRID    2010    0       24.1584 10.0442 -0.465120       0       0       
GRID    2011    0       24.3616 11.0637 -0.401310       0       0       
GRID    2012    0       24.5647 12.0832 -0.337490       0       0       
GRID    2013    0       24.7679 13.1027 -0.273680       0       0       
GRID    2014    0       24.959  13.9761 -0.220910       0       0       
GRID    2015    0       25.1502 14.8495 -0.168150       0       0       
GRID    2016    0       25.3413 15.7229 -0.115380       0       0       
GRID    2017    0       25.5325 16.5963 -0.062620       0       0       
GRID    2018    0       25.7236 17.4697 -0.009860       0       0       
GRID    2000    0       22.6008 0       -0.9855 0       0       0       
GRID    2019    0       22.6008 -0.89384-0.9855 0       0       0       
GRID    2020    0       22.6008 -1.7877 -0.9855 0       0       0       
GRID    2021    0       22.787  -2.8323 -0.919220       0       0       
GRID    2022    0       22.9733 -3.87691-0.852940       0       0       
GRID    2023    0       23.1595 -4.92152-0.786670       0       0       
GRID    2024    0       23.3457 -5.96612-0.720390       0       0       
GRID    2025    0       23.5488 -6.98563-0.656570       0       0       
GRID    2026    0       23.752  -8.00514-0.592760       0       0       
GRID    2027    0       23.9552 -9.02465-0.528940       0       0       
GRID    2028    0       24.1584 -10.0442-0.465120       0       0       
GRID    2029    0       24.3616 -11.0637-0.401310       0       0       
GRID    2030    0       24.5647 -12.0832-0.337490       0       0       
GRID    2031    0       24.7679 -13.1027-0.273680       0       0       
GRID    2032    0       24.959  -13.9761-0.220910       0       0       
GRID    2033    0       25.1502 -14.8495-0.168150       0       0       
GRID    2034    0       25.3413 -15.7229-0.115380       0       0       
GRID    2035    0       25.5325 -16.5963-0.062620       0       0       
GRID    2036    0       25.7236 -17.4697-0.009860       0       0       
GRID    3000    0       33.8227 0       1.2775  0       0       0       
GRID    3001    0       34.1749 0       1.78983 0       0       0       
GRID    3002    0       34.5272 0       2.30217 0       0       0       
GRID    3003    0       34.8795 0       2.8145  0       0       0       
GRID    3004    0       35.2317 0       3.32683 0       0       0       
GRID    3005    0       35.584  0       3.83917 0       0       0       
GRID    3006    0       35.9362 0       4.3515  0       0       0       
GRID    3007    0       36.3065 0       4.8967  0       0       0       
GRID    3008    0       36.6768 0       5.4419  0       0       0       
GRID    3009    0       37.047  0       5.9871  0       0       0       
GRID    3010    0       37.4173 0       6.5323  0       0       0       
GRID    3011    0       37.7876 0       7.0775  0       0       0       
GRID    4001    0       37.8183 0.1145617.0775  0       0       0       
GRID    4002    0       37.8183 0.2291217.0775  0       0       0       
GRID    4003    0       38.0531 0.7121977.0775  0       0       0       
GRID    4004    0       38.2879 1.19527 7.0775  0       0       0       
GRID    4005    0       38.5228 1.67835 7.0775  0       0       0       
GRID    4006    0       38.7576 2.16142 7.0775  0       0       0       
GRID    4007    0       38.9924 2.6445  7.0775  0       0       0       
GRID    4008    0       39.2767 3.22875 7.0775  0       0       0       
GRID    4009    0       39.561  3.813   7.0775  0       0       0       
GRID    4010    0       39.8453 4.39725 7.0775  0       0       0       
GRID    4011    0       40.1296 4.9815  7.0775  0       0       0       
GRID    4012    0       40.414  5.56575 7.0775  0       0       0       
GRID    4013    0       40.6983 6.15    7.0775  0       0       0       
GRID    4000    0       37.8183 0       7.0775  0       0       0       
GRID    4014    0       37.8183 -0.114567.0775  0       0       0       
GRID    4015    0       37.8183 -0.229127.0775  0       0       0       
GRID    4016    0       38.0531 -0.712197.0775  0       0       0       
GRID    4017    0       38.2879 -1.195277.0775  0       0       0       
GRID    4018    0       38.5228 -1.678357.0775  0       0       0       
GRID    4019    0       38.7576 -2.161427.0775  0       0       0       
GRID    4020    0       38.9924 -2.6445 7.0775  0       0       0       
GRID    4021    0       39.2767 -3.228757.0775  0       0       0       
GRID    4022    0       39.561  -3.813  7.0775  0       0       0       
GRID    4023    0       39.8453 -4.397257.0775  0       0       0       
GRID    4024    0       40.1296 -4.9815 7.0775  0       0       0       
GRID    4025    0       40.414  -5.565757.0775  0       0       0       
GRID    4026    0       40.6983 -6.15   7.0775  0       0       0       

$-------2-------3-------4-------5-------6-------7-------8-------9-------10
$ Beam definition
$-------2-------3-------4-------5-------6-------7-------8-------9-------10
CBAR    1000    1000    1000    1001    -0.181180.0     0.983448GGG     
CBAR    1001    1001    1001    1002    0.0     0.0     1.0     GGG     
CBAR    1002    1002    1002    1003    0.0     0.0     1.0     GGG     
CBAR    1003    1003    1003    1004    0.0     0.0     1.0     GGG     
CBAR    1004    1004    1004    1005    0.0     0.0     1.0     GGG     
CBAR    1005    1005    1005    1006    0.0     0.0     1.0     GGG     
CBAR    1006    1006    1006    1007    0.0     0.0     1.0     GGG     
CBAR    1007    1007    1007    1008    -0.109920.0     0.99394 GGG     
CBAR    1008    1008    1008    1009    -0.109920.0     0.99394 GGG     
CBAR    1009    1009    1009    1010    -0.109920.0     0.99394 GGG     
CBAR    2000    2000    2000    2001    0.0     0.0     1.0     GGG     
CBAR    2001    2001    2001    2002    0.0     0.0     1.0     GGG     
CBAR    2002    2002    2002    2003    0.007389-0.065430.997829GGG     
CBAR    2003    2003    2003    2004    0.007389-0.065430.997829GGG     
CBAR    2004    2004    2004    2005    0.007389-0.065430.997829GGG     
CBAR    2005    2005    2005    2006    0.007389-0.065430.997829GGG     
CBAR    2006    2006    2006    2007    0.007389-0.065430.997829GGG     
CBAR    2007    2007    2007    2008    0.007389-0.065430.997829GGG     
CBAR    2008    2008    2008    2009    0.007389-0.065430.997829GGG     
CBAR    2009    2009    2009    2010    0.007389-0.065430.997829GGG     
CBAR    2010    2010    2010    2011    0.007389-0.065430.997829GGG     
CBAR    2011    2011    2011    2012    0.007389-0.065430.997829GGG     
CBAR    2012    2012    2012    2013    0.007389-0.065430.997829GGG     
CBAR    2013    2013    2013    2014    0.007389-0.065430.997829GGG     
CBAR    2014    2014    2014    2015    0.007389-0.065430.997829GGG     
CBAR    2015    2015    2015    2016    0.007389-0.065430.997829GGG     
CBAR    2016    2016    2016    2017    0.007389-0.065430.997829GGG     
CBAR    2017    2017    2017    2018    0.007389-0.065430.997829GGG     
CBAR    2018    2000    2000    2019    0.0     0.0     1.0     GGG     
CBAR    2019    2001    2019    2020    0.0     0.0     1.0     GGG     
CBAR    2020    2002    2020    2021    0.0073890.0654350.997829GGG     
CBAR    2021    2003    2021    2022    0.0073890.0654350.997829GGG     
CBAR    2022    2004    2022    2023    0.0073890.0654350.997829GGG     
CBAR    2023    2005    2023    2024    0.0073890.0654350.997829GGG     
CBAR    2024    2006    2024    2025    0.0073890.0654350.997829GGG     
CBAR    2025    2007    2025    2026    0.0073890.0654350.997829GGG     
CBAR    2026    2008    2026    2027    0.0073890.0654350.997829GGG     
CBAR    2027    2009    2027    2028    0.0073890.0654350.997829GGG     
CBAR    2028    2010    2028    2029    0.0073890.0654350.997829GGG     
CBAR    2029    2011    2029    2030    0.0073890.0654350.997829GGG     
CBAR    2030    2012    2030    2031    0.0073890.0654350.997829GGG     
CBAR    2031    2013    2031    2032    0.0073890.0654350.997829GGG     
CBAR    2032    2014    2032    2033    0.0073890.0654350.997829GGG     
CBAR    2033    2015    2033    2034    0.0073890.0654350.997829GGG     
CBAR    2034    2016    2034    2035    0.0073890.0654350.997829GGG     
CBAR    2035    2017    2035    2036    0.0073890.0654350.997829GGG     
CBAR    3000    3000    3000    3001    0.0     -1.0    0.0     GGG     
CBAR    3001    3001    3001    3002    0.0     -1.0    0.0     GGG     
CBAR    3002    3002    3002    3003    0.0     -1.0    0.0     GGG     
CBAR    3003    3003    3003    3004    0.0     -1.0    0.0     GGG     
CBAR    3004    3004    3004    3005    0.0     -1.0    0.0     GGG     
CBAR    3005    3005    3005    3006    0.0     -1.0    0.0     GGG     
CBAR    3006    3006    3006    3007    0.0     -1.0    0.0     GGG     
CBAR    3007    3007    3007    3008    0.0     -1.0    0.0     GGG     
CBAR    3008    3008    3008    3009    0.0     -1.0    0.0     GGG     
CBAR    3009    3009    3009    3010    0.0     -1.0    0.0     GGG     
CBAR    3010    3010    3010    3011    0.0     -1.0    0.0     GGG     
CBAR    4000    4000    4000    4001    0.0     0.0     1.0     GGG     
CBAR    4001    4001    4001    4002    0.0     0.0     1.0     GGG     
CBAR    4002    4002    4002    4003    0.0     0.0     1.0     GGG     
CBAR    4003    4003    4003    4004    0.0     0.0     1.0     GGG     
CBAR    4004    4004    4004    4005    0.0     0.0     1.0     GGG     
CBAR    4005    4005    4005    4006    0.0     0.0     1.0     GGG     
CBAR    4006    4006    4006    4007    0.0     0.0     1.0     GGG     
CBAR    4007    4007    4007    4008    0.0     0.0     1.0     GGG     
CBAR    4008    4008    4008    4009    0.0     0.0     1.0     GGG     
CBAR    4009    4009    4009    4010    0.0     0.0     1.0     GGG     
CBAR    4010    4010    4010    4011    0.0     0.0     1.0     GGG     
CBAR    4011    4011    4011    4012    0.0     0.0     1.0     GGG     
CBAR    4012    4012    4012    4013    0.0     0.0     1.0     GGG     
CBAR    4013    4000    4000    4014    0.0     0.0     1.0     GGG     
CBAR    4014    4001    4014    4015    0.0     0.0     1.0     GGG     
CBAR    4015    4002    4015    4016    0.0     0.0     1.0     GGG     
CBAR    4016    4003    4016    4017    0.0     0.0     1.0     GGG     
CBAR    4017    4004    4017    4018    0.0     0.0     1.0     GGG     
CBAR    4018    4005    4018    4019    0.0     0.0     1.0     GGG     
CBAR    4019    4006    4019    4020    0.0     0.0     1.0     GGG     
CBAR    4020    4007    4020    4021    0.0     0.0     1.0     GGG     
CBAR    4021    4008    4021    4022    0.0     0.0     1.0     GGG     
CBAR    4022    4009    4022    4023    0.0     0.0     1.0     GGG     
CBAR    4023    4010    4023    4024    0.0     0.0     1.0     GGG     
CBAR    4024    4011    4024    4025    0.0     0.0     1.0     GGG     
CBAR    4025    4012    4025    4026    0.0     0.0     1.0     GGG     

$-------2-------3-------4-------5-------6-------7-------8-------9-------10
$ Aeronode definition
$-------2-------3-------4-------5-------6-------7-------8-------9-------10
GRID    10000   0       0       0       -0.806960       0       0       
GRID    10001   0       0       0       -0.806960       0       0       
GRID    10002   0       0       0       -0.806960       0       0       
GRID    10003   0       0       0       -0.806960       0       0       
GRID    10004   0       4.38    1.75    0       0       0       0       
GRID    10005   0       4.38    0       1.825   0       0       0       
GRID    10006   0       4.38    -1.75   0       0       0       0       
GRID    10007   0       4.38    0       -1.825  0       0       0       
GRID    10008   0       7.57    1.75    0       0       0       0       
GRID    10009   0       7.57    0       1.825   0       0       0       
GRID    10010   0       7.57    -1.75   0       0       0       0       
GRID    10011   0       7.57    0       -1.825  0       0       0       
GRID    10012   0       11.355  1.75    0       0       0       0       
GRID    10013   0       11.355  0       1.825   0       0       0       
GRID    10014   0       11.355  -1.75   0       0       0       0       
GRID    10015   0       11.355  0       -1.825  0       0       0       
GRID    10016   0       15.64   1.75    0       0       0       0       
GRID    10017   0       15.64   0       1.825   0       0       0       
GRID    10018   0       15.64   -1.75   0       0       0       0       
GRID    10019   0       15.64   0       -1.825  0       0       0       
GRID    10020   0       18.925  1.75    0       0       0       0       
GRID    10021   0       18.925  0       1.825   0       0       0       
GRID    10022   0       18.925  -1.75   0       0       0       0       
GRID    10023   0       18.925  0       -1.825  0       0       0       
GRID    10024   0       22.6008 1.75    0       0       0       0       
GRID    10025   0       22.6008 0       1.825   0       0       0       
GRID    10026   0       22.6008 -1.75   0       0       0       0       
GRID    10027   0       22.6008 0       -1.825  0       0       0       
GRID    10028   0       26.9    1.75    0       0       0       0       
GRID    10029   0       26.9    0       1.825   0       0       0       
GRID    10030   0       26.9    -1.75   0       0       0       0       
GRID    10031   0       26.9    0       -1.825  0       0       0       
GRID    10032   0       30.28   1.41821 0.3738120       0       0       
GRID    10033   0       30.28   0       1.8528  0       0       0       
GRID    10034   0       30.28   -1.418210.3738120       0       0       
GRID    10035   0       30.28   0       -1.105180       0       0       
GRID    10036   0       33.8227 0.9902340.7656160       0       0       
GRID    10037   0       33.8227 0       1.79829 0       0       0       
GRID    10038   0       33.8227 -0.990230.7656160       0       0       
GRID    10039   0       33.8227 0       -0.267050       0       0       
GRID    10040   0       37.85   0       1.21102 0       0       0       
GRID    10041   0       37.85   0       1.21102 0       0       0       
GRID    10042   0       37.85   0       1.21102 0       0       0       
GRID    10043   0       37.85   0       1.21102 0       0       0       
RBE0    1000    1000    10000   10001   10002   10003   
RBE0    1001    1001    10004   10005   10006   10007   
RBE0    1002    1002    10008   10009   10010   10011   
RBE0    1003    1003    10012   10013   10014   10015   
RBE0    1004    1004    10016   10017   10018   10019   
RBE0    1005    1005    10020   10021   10022   10023   
RBE0    1006    1006    10024   10025   10026   10027   
RBE0    1007    1007    10028   10029   10030   10031   
RBE0    1008    1008    10032   10033   10034   10035   
RBE0    1009    1009    10036   10037   10038   10039   
RBE0    1010    1010    10040   10041   10042   10043   
GRID    20000   0       21.3739 0       -0.9855 0       0       0       
GRID    20001   0       22.6008 0       -1.312670       0       0       
GRID    20002   0       23.8277 0       -0.9855 0       0       0       
GRID    20003   0       22.6008 0       -0.658320       0       0       
GRID    20004   0       21.3739 0.893848-0.9855 0       0       0       
GRID    20005   0       22.6008 0.893848-1.312670       0       0       
GRID    20006   0       23.8277 0.893848-0.9855 0       0       0       
GRID    20007   0       22.6008 0.893848-0.658320       0       0       
GRID    20008   0       21.393  1.7877  -0.9855 0       0       0       
GRID    20009   0       22.6008 1.7877  -1.312660       0       0       
GRID    20010   0       23.8086 1.7877  -0.9855 0       0       0       
GRID    20011   0       22.6008 1.7877  -0.658330       0       0       
GRID    20012   0       21.6659 3.0308  -0.897900       0       0       
GRID    20013   0       22.7847 2.85225 -1.227030       0       0       
GRID    20014   0       23.9082 2.6338  -0.940540       0       0       
GRID    20015   0       22.7894 2.81236 -0.611410       0       0       
GRID    20016   0       21.9201 4.06338 -0.832920       0       0       
GRID    20017   0       22.9711 3.89564 -1.1421 0       0       0       
GRID    20018   0       24.0264 3.69044 -0.872970       0       0       
GRID    20019   0       22.9754 3.85818 -0.563790       0       0       
GRID    20020   0       22.1742 5.09595 -0.767930       0       0       
GRID    20021   0       23.1574 4.93904 -1.057160       0       0       
GRID    20022   0       24.1447 4.74708 -0.805400       0       0       
GRID    20023   0       23.1615 4.90399 -0.516170       0       0       
GRID    20024   0       22.4282 6.12856 -0.702940       0       0       
GRID    20025   0       23.3438 5.98244 -0.972180       0       0       
GRID    20026   0       24.2631 5.80369 -0.737840       0       0       
GRID    20027   0       23.3476 5.94981 -0.4686 0       0       0       
GRID    20028   0       22.6941 7.15489 -0.639140       0       0       
GRID    20029   0       23.547  7.0008  -0.893060       0       0       
GRID    20030   0       24.4036 6.81638 -0.674000       0       0       
GRID    20031   0       23.5507 6.97047 -0.420090       0       0       
GRID    20032   0       22.9523 8.16349 -0.576450       0       0       
GRID    20033   0       23.7503 8.01933 -0.814010       0       0       
GRID    20034   0       24.5517 7.84679 -0.609060       0       0       
GRID    20035   0       23.7537 7.99095 -0.371500       0       0       
GRID    20036   0       23.2105 9.1721  -0.513760       0       0       
GRID    20037   0       23.9536 9.03786 -0.734970       0       0       
GRID    20038   0       24.6999 8.8772  -0.544130       0       0       
GRID    20039   0       23.9568 9.01144 -0.322920       0       0       
GRID    20040   0       23.4688 10.1807 -0.451060       0       0       
GRID    20041   0       24.1569 10.0564 -0.655920       0       0       
GRID    20042   0       24.848  9.9076  -0.479190       0       0       
GRID    20043   0       24.1598 10.0319 -0.274330       0       0       
GRID    20044   0       23.727  11.1893 -0.388370       0       0       
GRID    20045   0       24.3602 11.0749 -0.576870       0       0       
GRID    20046   0       24.9961 10.938  -0.414250       0       0       
GRID    20047   0       24.3629 11.0524 -0.225740       0       0       
GRID    20048   0       23.9852 12.1979 -0.325670       0       0       
GRID    20049   0       24.5635 12.0935 -0.497820       0       0       
GRID    20050   0       25.1442 11.9684 -0.349310       0       0       
GRID    20051   0       24.566  12.0729 -0.177160       0       0       
GRID    20052   0       24.2434 13.2065 -0.262980       0       0       
GRID    20053   0       24.7668 13.112  -0.418750       0       0       
GRID    20054   0       25.2924 12.9988 -0.284370       0       0       
GRID    20055   0       24.769  13.0934 -0.128600       0       0       
GRID    20056   0       24.478  14.0807 -0.210490       0       0       
GRID    20057   0       24.958  13.9844 -0.355050       0       0       
GRID    20058   0       25.4401 13.8715 -0.231340       0       0       
GRID    20059   0       24.9601 13.9677 -0.086770       0       0       
GRID    20060   0       24.7075 14.9458 -0.158550       0       0       
GRID    20061   0       25.1492 14.8572 -0.291610       0       0       
GRID    20062   0       25.5929 14.7532 -0.177740       0       0       
GRID    20063   0       25.1512 14.8418 -0.044680       0       0       
GRID    20064   0       24.9369 15.8109 -0.106620       0       0       
GRID    20065   0       25.3404 15.7299 -0.228180       0       0       
GRID    20066   0       25.7458 15.6349 -0.124150       0       0       
GRID    20067   0       25.3422 15.7159 -0.002590       0       0       
GRID    20068   0       25.1663 16.676  -0.054680       0       0       
GRID    20069   0       25.5316 16.6027 -0.164740       0       0       
GRID    20070   0       25.8986 16.5167 -0.070550       0       0       
GRID    20071   0       25.5333 16.59   0.0394910       0       0       
GRID    20072   0       25.3801 17.4702 -0.017000       0       0       
GRID    20073   0       25.7255 17.4753 -0.101280       0       0       
GRID    20074   0       26.0671 17.4693 -0.002720       0       0       
GRID    20075   0       25.7217 17.4641 0.0815680       0       0       
RBE0    2000    2000    20000   20001   20002   20003   
RBE0    2001    2001    20004   20005   20006   20007   
RBE0    2002    2002    20008   20009   20010   20011   
RBE0    2003    2003    20012   20013   20014   20015   
RBE0    2004    2004    20016   20017   20018   20019   
RBE0    2005    2005    20020   20021   20022   20023   
RBE0    2006    2006    20024   20025   20026   20027   
RBE0    2007    2007    20028   20029   20030   20031   
RBE0    2008    2008    20032   20033   20034   20035   
RBE0    2009    2009    20036   20037   20038   20039   
RBE0    2010    2010    20040   20041   20042   20043   
RBE0    2011    2011    20044   20045   20046   20047   
RBE0    2012    2012    20048   20049   20050   20051   
RBE0    2013    2013    20052   20053   20054   20055   
RBE0    2014    2014    20056   20057   20058   20059   
RBE0    2015    2015    20060   20061   20062   20063   
RBE0    2016    2016    20064   20065   20066   20067   
RBE0    2017    2017    20068   20069   20070   20071   
RBE0    2018    2018    20072   20073   20074   20075   
GRID    20076   0       21.3739 -0.89384-0.9855 0       0       0       
GRID    20077   0       22.6008 -0.89384-1.312670       0       0       
GRID    20078   0       23.8277 -0.89384-0.9855 0       0       0       
GRID    20079   0       22.6008 -0.89384-0.658320       0       0       
GRID    20080   0       21.393  -1.7877 -0.9855 0       0       0       
GRID    20081   0       22.6008 -1.7877 -1.312660       0       0       
GRID    20082   0       23.8086 -1.7877 -0.9855 0       0       0       
GRID    20083   0       22.6008 -1.7877 -0.658330       0       0       
GRID    20084   0       21.6659 -3.0308 -0.897900       0       0       
GRID    20085   0       22.7847 -2.85225-1.227030       0       0       
GRID    20086   0       23.9082 -2.6338 -0.940540       0       0       
GRID    20087   0       22.7894 -2.81236-0.611410       0       0       
GRID    20088   0       21.9201 -4.06338-0.832920       0       0       
GRID    20089   0       22.9711 -3.89564-1.1421 0       0       0       
GRID    20090   0       24.0264 -3.69044-0.872970       0       0       
GRID    20091   0       22.9754 -3.85818-0.563790       0       0       
GRID    20092   0       22.1742 -5.09595-0.767930       0       0       
GRID    20093   0       23.1574 -4.93904-1.057160       0       0       
GRID    20094   0       24.1447 -4.74708-0.805400       0       0       
GRID    20095   0       23.1615 -4.90399-0.516170       0       0       
GRID    20096   0       22.4282 -6.12856-0.702940       0       0       
GRID    20097   0       23.3438 -5.98244-0.972180       0       0       
GRID    20098   0       24.2631 -5.80369-0.737840       0       0       
GRID    20099   0       23.3476 -5.94981-0.4686 0       0       0       
GRID    20100   0       22.6941 -7.15489-0.639140       0       0       
GRID    20101   0       23.547  -7.0008 -0.893060       0       0       
GRID    20102   0       24.4036 -6.81638-0.674000       0       0       
GRID    20103   0       23.5507 -6.97047-0.420090       0       0       
GRID    20104   0       22.9523 -8.16349-0.576450       0       0       
GRID    20105   0       23.7503 -8.01933-0.814010       0       0       
GRID    20106   0       24.5517 -7.84679-0.609060       0       0       
GRID    20107   0       23.7537 -7.99095-0.371500       0       0       
GRID    20108   0       23.2105 -9.1721 -0.513760       0       0       
GRID    20109   0       23.9536 -9.03786-0.734970       0       0       
GRID    20110   0       24.6999 -8.8772 -0.544130       0       0       
GRID    20111   0       23.9568 -9.01144-0.322920       0       0       
GRID    20112   0       23.4688 -10.1807-0.451060       0       0       
GRID    20113   0       24.1569 -10.0564-0.655920       0       0       
GRID    20114   0       24.848  -9.9076 -0.479190       0       0       
GRID    20115   0       24.1598 -10.0319-0.274330       0       0       
GRID    20116   0       23.727  -11.1893-0.388370       0       0       
GRID    20117   0       24.3602 -11.0749-0.576870       0       0       
GRID    20118   0       24.9961 -10.938 -0.414250       0       0       
GRID    20119   0       24.3629 -11.0524-0.225740       0       0       
GRID    20120   0       23.9852 -12.1979-0.325670       0       0       
GRID    20121   0       24.5635 -12.0935-0.497820       0       0       
GRID    20122   0       25.1442 -11.9684-0.349310       0       0       
GRID    20123   0       24.566  -12.0729-0.177160       0       0       
GRID    20124   0       24.2434 -13.2065-0.262980       0       0       
GRID    20125   0       24.7668 -13.112 -0.418750       0       0       
GRID    20126   0       25.2924 -12.9988-0.284370       0       0       
GRID    20127   0       24.769  -13.0934-0.128600       0       0       
GRID    20128   0       24.478  -14.0807-0.210490       0       0       
GRID    20129   0       24.958  -13.9844-0.355050       0       0       
GRID    20130   0       25.4401 -13.8715-0.231340       0       0       
GRID    20131   0       24.9601 -13.9677-0.086770       0       0       
GRID    20132   0       24.7075 -14.9458-0.158550       0       0       
GRID    20133   0       25.1492 -14.8572-0.291610       0       0       
GRID    20134   0       25.5929 -14.7532-0.177740       0       0       
GRID    20135   0       25.1512 -14.8418-0.044680       0       0       
GRID    20136   0       24.9369 -15.8109-0.106620       0       0       
GRID    20137   0       25.3404 -15.7299-0.228180       0       0       
GRID    20138   0       25.7458 -15.6349-0.124150       0       0       
GRID    20139   0       25.3422 -15.7159-0.002590       0       0       
GRID    20140   0       25.1663 -16.676 -0.054680       0       0       
GRID    20141   0       25.5316 -16.6027-0.164740       0       0       
GRID    20142   0       25.8986 -16.5167-0.070550       0       0       
GRID    20143   0       25.5333 -16.59  0.0394910       0       0       
GRID    20144   0       25.3801 -17.4702-0.017000       0       0       
GRID    20145   0       25.7255 -17.4753-0.101280       0       0       
GRID    20146   0       26.0671 -17.4693-0.002720       0       0       
GRID    20147   0       25.7217 -17.46410.0815680       0       0       
RBE0    2019    2019    20076   20077   20078   20079   
RBE0    2020    2020    20080   20081   20082   20083   
RBE0    2021    2021    20084   20085   20086   20087   
RBE0    2022    2022    20088   20089   20090   20091   
RBE0    2023    2023    20092   20093   20094   20095   
RBE0    2024    2024    20096   20097   20098   20099   
RBE0    2025    2025    20100   20101   20102   20103   
RBE0    2026    2026    20104   20105   20106   20107   
RBE0    2027    2027    20108   20109   20110   20111   
RBE0    2028    2028    20112   20113   20114   20115   
RBE0    2029    2029    20116   20117   20118   20119   
RBE0    2030    2030    20120   20121   20122   20123   
RBE0    2031    2031    20124   20125   20126   20127   
RBE0    2032    2032    20128   20129   20130   20131   
RBE0    2033    2033    20132   20133   20134   20135   
RBE0    2034    2034    20136   20137   20138   20139   
RBE0    2035    2035    20140   20141   20142   20143   
RBE0    2036    2036    20144   20145   20146   20147   
GRID    30000   0       32.741  0       1.2775  0       0       0       
GRID    30001   0       33.8227 -0.286401.2775  0       0       0       
GRID    30002   0       34.9043 0       1.2775  0       0       0       
GRID    30003   0       33.8227 0.2864021.2775  0       0       0       
GRID    30004   0       33.2983 0       2.39258 0       0       0       
GRID    30005   0       34.1749 0.2816891.78983 0       0       0       
GRID    30006   0       35.0516 0       1.18709 0       0       0       
GRID    30007   0       34.1749 -0.281681.78983 0       0       0       
GRID    30008   0       33.6652 0       2.89483 0       0       0       
GRID    30009   0       34.5272 0.2769762.30217 0       0       0       
GRID    30010   0       35.3892 0       1.7095  0       0       0       
GRID    30011   0       34.5272 -0.276972.30217 0       0       0       
GRID    30012   0       34.0321 0       3.39708 0       0       0       
GRID    30013   0       34.8795 0.2722632.8145  0       0       0       
GRID    30014   0       35.7268 0       2.23192 0       0       0       
GRID    30015   0       34.8795 -0.272262.8145  0       0       0       
GRID    30016   0       34.3991 0       3.89933 0       0       0       
GRID    30017   0       35.2317 0.2675513.32683 0       0       0       
GRID    30018   0       36.0644 0       2.75434 0       0       0       
GRID    30019   0       35.2317 -0.267553.32683 0       0       0       
GRID    30020   0       34.766  0       4.40157 0       0       0       
GRID    30021   0       35.584  0.2628383.83917 0       0       0       
GRID    30022   0       36.402  0       3.27676 0       0       0       
GRID    30023   0       35.584  -0.262833.83917 0       0       0       
GRID    30024   0       35.1332 0       4.90366 0       0       0       
GRID    30025   0       35.9362 0.2581424.3515  0       0       0       
GRID    30026   0       36.7393 0       3.79934 0       0       0       
GRID    30027   0       35.9362 -0.258144.3515  0       0       0       
GRID    30028   0       35.5145 0       5.4346  0       0       0       
GRID    30029   0       36.3065 0.2525274.8967  0       0       0       
GRID    30030   0       37.0985 0       4.3588  0       0       0       
GRID    30031   0       36.3065 -0.252524.8967  0       0       0       
GRID    30032   0       35.9024 0       5.9678  0       0       0       
GRID    30033   0       36.6768 0.24688 5.4419  0       0       0       
GRID    30034   0       37.4511 0       4.916   0       0       0       
GRID    30035   0       36.6768 -0.246885.4419  0       0       0       
GRID    30036   0       36.2904 0       6.50098 0       0       0       
GRID    30037   0       37.047  0.2412335.9871  0       0       0       
GRID    30038   0       37.8037 0       5.47322 0       0       0       
GRID    30039   0       37.047  -0.241235.9871  0       0       0       
GRID    30040   0       36.6783 0       7.03415 0       0       0       
GRID    30041   0       37.4173 0.2355876.5323  0       0       0       
GRID    30042   0       38.1562 0       6.03045 0       0       0       
GRID    30043   0       37.4173 -0.235586.5323  0       0       0       
GRID    30044   0       36.9157 0       7.0775  0       0       0       
GRID    30045   0       37.7876 -0.229947.0775  0       0       0       
GRID    30046   0       38.6594 0       7.0775  0       0       0       
GRID    30047   0       37.7876 0.22994 7.0775  0       0       0       
RBE0    3000    3000    30000   30001   30002   30003   
RBE0    3001    3001    30004   30005   30006   30007   
RBE0    3002    3002    30008   30009   30010   30011   
RBE0    3003    3003    30012   30013   30014   30015   
RBE0    3004    3004    30016   30017   30018   30019   
RBE0    3005    3005    30020   30021   30022   30023   
RBE0    3006    3006    30024   30025   30026   30027   
RBE0    3007    3007    30028   30029   30030   30031   
RBE0    3008    3008    30032   30033   30034   30035   
RBE0    3009    3009    30036   30037   30038   30039   
RBE0    3010    3010    30040   30041   30042   30043   
RBE0    3011    3011    30044   30045   30046   30047   
GRID    40000   0       36.8777 0       7.0775  0       0       0       
GRID    40001   0       37.8183 0       6.85177 0       0       0       
GRID    40002   0       38.7588 0       7.0775  0       0       0       
GRID    40003   0       37.8183 0       7.30323 0       0       0       
GRID    40004   0       36.8777 0.1145617.0775  0       0       0       
GRID    40005   0       37.8183 0.1145616.85177 0       0       0       
GRID    40006   0       38.7588 0.1145617.0775  0       0       0       
GRID    40007   0       37.8183 0.1145617.30323 0       0       0       
GRID    40008   0       36.9724 0.2291217.0775  0       0       0       
GRID    40009   0       37.8183 0.2291216.85177 0       0       0       
GRID    40010   0       38.6642 0.2291217.0775  0       0       0       
GRID    40011   0       37.8183 0.2291217.30323 0       0       0       
GRID    40012   0       37.3312 1.0631  7.0775  0       0       0       
GRID    40013   0       38.0531 0.7121976.86331 0       0       0       
GRID    40014   0       38.775  0.3612927.0775  0       0       0       
GRID    40015   0       38.0531 0.7121977.29169 0       0       0       
GRID    40016   0       37.605  1.52727 7.0775  0       0       0       
GRID    40017   0       38.2879 1.19527 6.87485 0       0       0       
GRID    40018   0       38.9709 0.8632727.0775  0       0       0       
GRID    40019   0       38.2879 1.19527 7.28015 0       0       0       
GRID    40020   0       37.8787 1.99144 7.0775  0       0       0       
GRID    40021   0       38.5228 1.67835 6.88639 0       0       0       
GRID    40022   0       39.1668 1.36526 7.0775  0       0       0       
GRID    40023   0       38.5228 1.67835 7.26861 0       0       0       
GRID    40024   0       38.1524 2.45561 7.0775  0       0       0       
GRID    40025   0       38.7576 2.16142 6.89793 0       0       0       
GRID    40026   0       39.3628 1.86724 7.0775  0       0       0       
GRID    40027   0       38.7576 2.16142 7.25707 0       0       0       
GRID    40028   0       38.4261 2.91978 7.0775  0       0       0       
GRID    40029   0       38.9924 2.6445  6.90948 0       0       0       
GRID    40030   0       39.5587 2.36922 7.0775  0       0       0       
GRID    40031   0       38.9924 2.6445  7.24552 0       0       0       
GRID    40032   0       38.7576 3.48139 7.0775  0       0       0       
GRID    40033   0       39.2767 3.22875 6.9234  0       0       0       
GRID    40034   0       39.7959 2.97611 7.0775  0       0       0       
GRID    40035   0       39.2767 3.22875 7.2316  0       0       0       
GRID    40036   0       39.0887 4.04282 7.0775  0       0       0       
GRID    40037   0       39.561  3.813   6.93731 0       0       0       
GRID    40038   0       40.0333 3.58318 7.0775  0       0       0       
GRID    40039   0       39.561  3.813   7.21769 0       0       0       
GRID    40040   0       39.4199 4.60426 7.0775  0       0       0       
GRID    40041   0       39.8453 4.39725 6.95123 0       0       0       
GRID    40042   0       40.2707 4.19024 7.0775  0       0       0       
GRID    40043   0       39.8453 4.39725 7.20377 0       0       0       
GRID    40044   0       39.7511 5.1657  7.0775  0       0       0       
GRID    40045   0       40.1296 4.9815  6.96514 0       0       0       
GRID    40046   0       40.5082 4.7973  7.0775  0       0       0       
GRID    40047   0       40.1296 4.9815  7.18986 0       0       0       
GRID    40048   0       40.0823 5.72714 7.0775  0       0       0       
GRID    40049   0       40.414  5.56575 6.97906 0       0       0       
GRID    40050   0       40.7456 5.40436 7.0775  0       0       0       
GRID    40051   0       40.414  5.56575 7.17594 0       0       0       
GRID    40052   0       40.3461 6.15    7.0775  0       0       0       
GRID    40053   0       40.6983 6.15    6.99297 0       0       0       
GRID    40054   0       41.0505 6.15    7.0775  0       0       0       
GRID    40055   0       40.6983 6.15    7.16203 0       0       0       
RBE0    4000    4000    40000   40001   40002   40003   
RBE0    4001    4001    40004   40005   40006   40007   
RBE0    4002    4002    40008   40009   40010   40011   
RBE0    4003    4003    40012   40013   40014   40015   
RBE0    4004    4004    40016   40017   40018   40019   
RBE0    4005    4005    40020   40021   40022   40023   
RBE0    4006    4006    40024   40025   40026   40027   
RBE0    4007    4007    40028   40029   40030   40031   
RBE0    4008    4008    40032   40033   40034   40035   
RBE0    4009    4009    40036   40037   40038   40039   
RBE0    4010    4010    40040   40041   40042   40043   
RBE0    4011    4011    40044   40045   40046   40047   
RBE0    4012    4012    40048   40049   40050   40051   
RBE0    4013    4013    40052   40053   40054   40055   
GRID    40056   0       36.8777 -0.114567.0775  0       0       0       
GRID    40057   0       37.8183 -0.114566.85177 0       0       0       
GRID    40058   0       38.7588 -0.114567.0775  0       0       0       
GRID    40059   0       37.8183 -0.114567.30323 0       0       0       
GRID    40060   0       36.9724 -0.229127.0775  0       0       0       
GRID    40061   0       37.8183 -0.229126.85177 0       0       0       
GRID    40062   0       38.6642 -0.229127.0775  0       0       0       
GRID    40063   0       37.8183 -0.229127.30323 0       0       0       
GRID    40064   0       37.3312 -1.0631 7.0775  0       0       0       
GRID    40065   0       38.0531 -0.712196.86331 0       0       0       
GRID    40066   0       38.775  -0.361297.0775  0       0       0       
GRID    40067   0       38.0531 -0.712197.29169 0       0       0       
GRID    40068   0       37.605  -1.527277.0775  0       0       0       
GRID    40069   0       38.2879 -1.195276.87485 0       0       0       
GRID    40070   0       38.9709 -0.863277.0775  0       0       0       
GRID    40071   0       38.2879 -1.195277.28015 0       0       0       
GRID    40072   0       37.8787 -1.991447.0775  0       0       0       
GRID    40073   0       38.5228 -1.678356.88639 0       0       0       
GRID    40074   0       39.1668 -1.365267.0775  0       0       0       
GRID    40075   0       38.5228 -1.678357.26861 0       0       0       
GRID    40076   0       38.1524 -2.455617.0775  0       0       0       
GRID    40077   0       38.7576 -2.161426.89793 0       0       0       
GRID    40078   0       39.3628 -1.867247.0775  0       0       0       
GRID    40079   0       38.7576 -2.161427.25707 0       0       0       
GRID    40080   0       38.4261 -2.919787.0775  0       0       0       
GRID    40081   0       38.9924 -2.6445 6.90948 0       0       0       
GRID    40082   0       39.5587 -2.369227.0775  0       0       0       
GRID    40083   0       38.9924 -2.6445 7.24552 0       0       0       
GRID    40084   0       38.7576 -3.481397.0775  0       0       0       
GRID    40085   0       39.2767 -3.228756.9234  0       0       0       
GRID    40086   0       39.7959 -2.976117.0775  0       0       0       
GRID    40087   0       39.2767 -3.228757.2316  0       0       0       
GRID    40088   0       39.0887 -4.042827.0775  0       0       0       
GRID    40089   0       39.561  -3.813  6.93731 0       0       0       
GRID    40090   0       40.0333 -3.583187.0775  0       0       0       
GRID    40091   0       39.561  -3.813  7.21769 0       0       0       
GRID    40092   0       39.4199 -4.604267.0775  0       0       0       
GRID    40093   0       39.8453 -4.397256.95123 0       0       0       
GRID    40094   0       40.2707 -4.190247.0775  0       0       0       
GRID    40095   0       39.8453 -4.397257.20377 0       0       0       
GRID    40096   0       39.7511 -5.1657 7.0775  0       0       0       
GRID    40097   0       40.1296 -4.9815 6.96514 0       0       0       
GRID    40098   0       40.5082 -4.7973 7.0775  0       0       0       
GRID    40099   0       40.1296 -4.9815 7.18986 0       0       0       
GRID    40100   0       40.0823 -5.727147.0775  0       0       0       
GRID    40101   0       40.414  -5.565756.97906 0       0       0       
GRID    40102   0       40.7456 -5.404367.0775  0       0       0       
GRID    40103   0       40.414  -5.565757.17594 0       0       0       
GRID    40104   0       40.3461 -6.15   7.0775  0       0       0       
GRID    40105   0       40.6983 -6.15   6.99297 0       0       0       
GRID    40106   0       41.0505 -6.15   7.0775  0       0       0       
GRID    40107   0       40.6983 -6.15   7.16203 0       0       0       
RBE0    4014    4014    40056   40057   40058   40059   
RBE0    4015    4015    40060   40061   40062   40063   
RBE0    4016    4016    40064   40065   40066   40067   
RBE0    4017    4017    40068   40069   40070   40071   
RBE0    4018    4018    40072   40073   40074   40075   
RBE0    4019    4019    40076   40077   40078   40079   
RBE0    4020    4020    40080   40081   40082   40083   
RBE0    4021    4021    40084   40085   40086   40087   
RBE0    4022    4022    40088   40089   40090   40091   
RBE0    4023    4023    40092   40093   40094   40095   
RBE0    4024    4024    40096   40097   40098   40099   
RBE0    4025    4025    40100   40101   40102   40103   
RBE0    4026    4026    40104   40105   40106   40107   

$-------2-------3-------4-------5-------6-------7-------8-------9-------10
$ Beam properties
$-------2-------3-------4-------5-------6-------7-------8-------9-------10
PBAR    1000    1       0.0273160.0200900.0200900.0401810
        1.15975 0       0       1.11209 -1.159750       0       -1.11209
PBAR    1001    1       0.0412490.0658970.0658970.1317950 
        1.825   0       0       1.75    -1.825  0       0       -1.75   
PBAR    1002    1       0.0412620.0659360.0659360.1318730 
        1.825   0       0       1.75    -1.825  0       0       -1.75   
PBAR    1003    1       0.0414010.0661620.0661620.1323250 
        1.825   0       0       1.75    -1.825  0       0       -1.75   
PBAR    1004    1       0.0417910.0667960.0667960.1335920 
        1.825   0       0       1.75    -1.825  0       0       -1.75   
PBAR    1005    1       0.0425610.0680420.0680420.1360860 
        1.825   0       0       1.75    -1.825  0       0       -1.75   
PBAR    1006    1       0.04254 0.0679430.0679430.1358860 
        1.825   0       0       1.75    -1.825  0       0       -1.75   
PBAR    1007    1       0.0380250.0494330.0494330.0988670 
        1.65646 0       0       1.58838 -1.656460       0       -1.58838
PBAR    1008    1       0.0288710.0217530.0217530.0435070  
        1.26568 0       0       1.21366 -1.265680       0       -1.21366
PBAR    1009    1       0.0156530.0033520.0033520.0067040 
        0.6607180       0       0.633566-0.660710       0       -0.63356
PBAR    2000    200     0.0777270.0075480.0498440.0172500 
        0       1.22474 0.3246610       0       -1.22474-0.324660       
PBAR    2001    200     0.0777270.0075030.0488680.0170810 
        0       1.22428 0.3296840       0       -1.22428-0.329680       
PBAR    2002    200     0.0736710.0067470.0433210.0151960
        0       1.1733  0.3178120       0       -1.1733 -0.317810       
PBAR    2003    200     0.0663750.0053800.0347490.0120980
        0       1.10427 0.2991140       0       -1.10427-0.299110       
PBAR    2004    200     0.0592800.0042190.0274470.0094680
        0       1.03524 0.2804160       0       -1.03524-0.280410       
PBAR    2005    200     0.0523260.0032470.0211730.0072380
        0       0.9662090.2617190       0       -0.96620-0.261710       
PBAR    2006    200     0.0454040.0024590.0160760.0054420
        0       0.8996620.2446090       0       -0.89966-0.244600       
PBAR    2007    200     0.0387620.0018420.0122010.0040300
        0       0.8434690.2293480       0       -0.84346-0.229340       
PBAR    2008    200     0.0334700.0013830.0092050.0029890
        0       0.7873390.2140860       0       -0.78733-0.214080       
PBAR    2009    200     0.0287920.0010290.0068400.0021920
        0       0.7312080.1988230       0       -0.73120-0.198820       
PBAR    2010    200     0.0247620.0007560.0049950.0015880
        0       0.6750780.1835610       0       -0.67507-0.183560       
PBAR    2011    200     0.0207110.0005340.0035360.0011120
        0       0.6189470.1682980       0       -0.61894-0.168290       
PBAR    2012    200     0.0178100.0003830.0025200.0008030 
        0       0.5628150.1530370       0       -0.56281-0.153030       
PBAR    2013    200     0.0151650.0002730.0017840.0005810 
        0       0.5119450.1397560       0       -0.51194-0.139750       
PBAR    2014    200     0.0118450.0001820.0012100.0003910
        0       0.4727790.1290580       0       -0.47277-0.129050       
PBAR    2015    200     0.0093760.0001230.0008080.0002690
        0       0.4335930.1183610       0       -0.43359-0.118360       
PBAR    2016    200     0.0059706.5e-0050.0004480.0001470
        0       0.3944080.1076650       0       -0.39440-0.107660       
PBAR    2017    200     0.0030003.0e-0050.0002287.9e-0050       
        0       0.3552230.0969670       0       -0.35522-0.096960       
PBAR    3000    300     0.0265180.0018130.0149660.0049340 
        0       1.07277 0.2840450       0       -1.07277-0.284040       
PBAR    3001    300     0.0250480.0016430.0137010.0044830  
        0       1.05497 0.2793320       0       -1.05497-0.279330       
PBAR    3002    300     0.0234970.0014830.0125120.0040560 
        0       1.03717 0.27462 0       0       -1.03717-0.274620       
PBAR    3003    300     0.0219150.0013300.0113480.0036470 
        0       1.01937 0.2699070       0       -1.01937-0.269900       
PBAR    3004    300     0.0205090.0011870.0102160.0032620
        0       1.00157 0.2651940       0       -1.00157-0.265190       
PBAR    3005    300     0.0194440.0010990.0093480.0030270
        0       0.9838640.2604760       0       -0.98386-0.260470       
PBAR    3006    300     0.0179330.0009700.0083820.0026820
        0       0.9685430.2553450       0       -0.96854-0.255340       
PBAR    3007    300     0.0164080.0008470.0073440.0023440
        0       0.9467680.2497030       0       -0.94676-0.249700       
PBAR    3008    300     0.0153270.0007600.0064780.0021020
        0       0.9253650.2440560       0       -0.92536-0.244050       
PBAR    3009    300     0.0148740.0007080.0059250.0019540
        0       0.9039560.23841 0       0       -0.90395-0.238410       
PBAR    3010    300     0.0147190.0006690.0055580.0018390       
        0       0.8825480.2327640       0       -0.88254-0.232760       
PBAR    4000    400     0.0221990.0009760.0092330.0027120 
        0       0.9686390.2254770       0       -0.96863-0.225470       
PBAR    4001    400     0.0221990.0009410.0081880.0025700 
        0       0.8887750.2259810       0       -0.88877-0.225980       
PBAR    4002    400     0.0204400.0008580.0064350.0022690
        0       0.8237350.2199720       0       -0.82373-0.219970       
PBAR    4003    400     0.0183080.0006860.0051920.0018160
        0       0.7810180.2084180       0       -0.78101-0.208410       
PBAR    4004    400     0.0169780.0005690.0042390.0015010 
        0       0.7377690.1968770       0       -0.73776-0.196870       
PBAR    4005    400     0.0148580.0004380.0032880.0011580
        0       0.6945210.1853360       0       -0.69452-0.185330       
PBAR    4006    400     0.0135420.0003520.0026020.0009270
        0       0.6512720.1737950       0       -0.65127-0.173790       
PBAR    4007    400     0.0118260.0002680.0019460.0007030
        0       0.60344 0.1610620       0       -0.60344-0.161060       
PBAR    4008    400     0.0095710.0001760.0012950.0004640
        0       0.5513010.1471470       0       -0.55130-0.147140       
PBAR    4009    400     0.0078760.0001180.0008640.0003110
        0       0.4991660.1332310       0       -0.49916-0.133230       
PBAR    4010    400     0.0060577.4e-0050.0005350.0001950
        0       0.4470310.1193160       0       -0.44703-0.119310       
PBAR    4011    400     0.0039913.6e-0050.0002709.7e-0050 
        0       0.3948950.1054010       0       -0.39489-0.105400       
PBAR    4012    400     0.0024891.6e-0050.0001284.6e-0050       
        0       0.34276 0.0914850       0       -0.34276-0.091480       

$-------2-------3-------4-------5-------6-------7-------8-------9-------10
$ Lifting surfaces definition
$-------2-------3-------4-------5-------6-------7-------8-------9-------10
CAERO1  200     0       0       2       7       0012    0012    1       
        20.2834 0       -0.974525.45286 1.7877  1       0       0.6605  0.6605  
CAERO1  204     0       0       2       7       0012    0012    1       
        20.2834 0       -0.974525.45286 -1.7877 1       0       0.6605  0.6605  
CAERO1  201     3.5     0       4       4       0012    0012    1       
        20.2834 1.78704 -0.974525.45286 4.1868  0.76903312.9815 0.6605  0.1152  
        1       0.3     0.3     3         flap1r
CAERO1  205     -3.5    0       4       4       0012    0012    1       
        20.2834 -1.78704-0.974525.45286 -4.1868 0.769033-12.98150.6605  0.1152  
        1       0.3     0.3     3         flap1l
CAERO1  202     3.5     0       6       4       0012    0012    1       
        21.5635 5.96604 -0.718924.19343 7.1505  0.57142913.6525 0.1152  -1.193  
        1       0.3     0.3     3         flap2r
CAERO1  206     -3.5    0       6       4       0012    0012    1       
        21.5635 -5.96604-0.718924.19343 -7.1505 0.571429-13.65250.1152  -1.193  
        1       0.3     0.3     3         flap2l
CAERO1  203     3.5     0       4       4       0012    0012    1       
        23.7496 13.1032 -0.282392.39625 4.375   0.625   14.2723 -1.193  -1.193  
        1       0.3     0.3     3       aileronr
CAERO1  207     -3.5    0       4       4       0012    0012    1       
        23.7496 -13.1032-0.282392.39625 -4.375  0.625   -14.2723-1.193  -1.193  
        1       0.3     0.3     3       aileronl
CAERO1  400     0       0       1       7       0012    0012    1       
        36.3134 0       7.0775  3.76215 0.2291211       0       0       0       
CAERO1  403     0       0       1       7       0012    0012    1       
        36.3134 0       7.0775  3.76215 -0.229121       0       0       0       
CAERO1  401     0       0       3       4       0012    0012    1       
        36.3134 0.2291217.0775  3.76215 2.41538 0.73790128.694  0       0       
        1       0.31    0.31    3         elev1r
CAERO1  404     0       0       3       4       0012    0012    1       
        36.3134 -0.229127.0775  3.76215 -2.415380.737901-28.694 0       0       
        1       0.31    0.31    3         elev1l
CAERO1  402     0       0       4       4       0012    0012    1       
        37.882  2.6445  7.0775  2.7761  3.5055  0.48611128.7081 0       0       
        1       0.31    0.31    3         elev2r
CAERO1  405     0       0       4       4       0012    0012    1       
        37.882  -2.6445 7.0775  2.7761  -3.5055 0.486111-28.70810       0       
        1       0.31    0.31    3         elev2l
CAERO1  300     90      0       4       4       0012    0012    1       
        31.794  0       1.2775  4.77336 3.074   0.9     35.5547 0       0       
        1       0.3     0.3     3        rudder1
CAERO1  301     90      0       4       4       0012    0012    1       
        34.1104 1.8e-0164.3515  4.29602 2.726   0.88888935.3663 0       0       
        1       0.3     0.3     3        rudder2

$-------2-------3-------4-------5-------6-------7-------8-------9-------10
$ Links aeroelastic variables
$-------2-------3-------4-------5-------6-------7-------8-------9-------10
AELINK  1         flap1l  flap1r-1.0    
AELINK  2         flap2l  flap2r-1.0    
AELINK  3       aileronlaileronr1.0     
AELINK  4        rudder2 rudder11.0     
AELINK  5         elev2r  elev1r1.0     
AELINK  6         elev1l  elev1r-1.0    
AELINK  7         elev2l  elev1r-1.0    

$-------2-------3-------4-------5-------6-------7-------8-------9-------10
$ Structural interpolation set
$-------2-------3-------4-------5-------6-------7-------8-------9-------10
SET1    200     2000    2001    2002    2003    2004    2005    2006    
        2007    2008    2009    2010    2011    2012    2013    2014    
        2015    2016    2017    2018    20000   20001   20002   20003   
        20004   20005   20006   20007   20008   20009   20010   20011   
        20012   20013   20014   20015   20016   20017   20018   20019   
        20020   20021   20022   20023   20024   20025   20026   20027   
        20028   20029   20030   20031   20032   20033   20034   20035   
        20036   20037   20038   20039   20040   20041   20042   20043   
        20044   20045   20046   20047   20048   20049   20050   20051   
        20052   20053   20054   20055   20056   20057   20058   20059   
        20060   20061   20062   20063   20064   20065   20066   20067   
        20068   20069   20070   20071   20072   20073   20074   20075   
SET1    250     2000    2019    2020    2021    2022    2023    2024    
        2025    2026    2027    2028    2029    2030    2031    2032    
        2033    2034    2035    2036    20000   20001   20002   20003   
        20076   20077   20078   20079   20080   20081   20082   20083   
        20084   20085   20086   20087   20088   20089   20090   20091   
        20092   20093   20094   20095   20096   20097   20098   20099   
        20100   20101   20102   20103   20104   20105   20106   20107   
        20108   20109   20110   20111   20112   20113   20114   20115   
        20116   20117   20118   20119   20120   20121   20122   20123   
        20124   20125   20126   20127   20128   20129   20130   20131   
        20132   20133   20134   20135   20136   20137   20138   20139   
        20140   20141   20142   20143   20144   20145   20146   20147   
SET1    300     3000    3001    3002    3003    3004    3005    3006    
        3007    3008    3009    3010    3011    40052   40053   40054   
        40055   30000   30001   30002   30003   30004   30005   30006   
        30007   30008   30009   30010   30011   30012   30013   30014   
        30015   30016   30017   30018   30019   30020   30021   30022   
        30023   30024   30025   30026   30027   30028   30029   30030   
        30031   30032   30033   30034   30035   30036   30037   30038   
        30039   30040   30041   30042   30043   30044   30045   30046   
        30047   
SET1    400     4000    4001    4002    4003    4004    4005    4006    
        4007    4008    4009    4010    4011    4012    4013    30000   
        30001   30002   30003   40000   40001   40002   40003   40004   
        40005   40006   40007   40008   40009   40010   40011   40012   
        40013   40014   40015   40016   40017   40018   40019   40020   
        40021   40022   40023   40024   40025   40026   40027   40028   
        40029   40030   40031   40032   40033   40034   40035   40036   
        40037   40038   40039   40040   40041   40042   40043   40044   
        40045   40046   40047   40048   40049   40050   40051   40052   
        40053   40054   40055   
SET1    450     4000    4014    4015    4016    4017    4018    4019    
        4020    4021    4022    4023    4024    4025    4026    40000   
        40001   40002   40003   40056   40057   40058   40059   40060   
        40061   40062   40063   40064   40065   40066   40067   40068   
        40069   40070   40071   40072   40073   40074   40075   40076   
        40077   40078   40079   40080   40081   40082   40083   40084   
        40085   40086   40087   40088   40089   40090   40091   40092   
        40093   40094   40095   40096   40097   40098   40099   40100   
        40101   40102   40103   40104   40105   40106   40107   

$-------2-------3-------4-------5-------6-------7-------8-------9-------10
$ Interpolation definition
$-------2-------3-------4-------5-------6-------7-------8-------9-------10
SPLINE2 200     200     1       14      200     2       0       0       
SPLINE2 201     201     1       28      200     2       0       0       
SPLINE2 202     202     1       42      200     2       0       0       
SPLINE2 203     203     1       28      200     2       0       0       
SPLINE2 204     204     1       14      250     2       0       0       
SPLINE2 205     205     1       28      250     2       0       0       
SPLINE2 206     206     1       42      250     2       0       0       
SPLINE2 207     207     1       28      250     2       0       0       
SPLINE2 300     300     1       28      300     2       0       0       
SPLINE2 301     301     1       28      300     2       0       0       
SPLINE2 400     400     1       7       400     2       0       0       
SPLINE2 401     401     1       21      400     2       0       0       
SPLINE2 402     402     1       28      400     2       0       0       
SPLINE2 403     403     1       7       450     2       0       0       
SPLINE2 404     404     1       21      450     2       0       0       
SPLINE2 405     405     1       28      450     2       0       0       

$-------2-------3-------4-------5-------6-------7-------8-------9-------10
$ Rigid structural link
$-------2-------3-------4-------5-------6-------7-------8-------9-------10
RBE2    1       1006    1235    2002    2020    
RBE2    2       1009    123456  3000    
RBE2    3       3011    123456  4000    


$-------2-------3-------4-------5-------6-------7-------8-------9-------10
$ Lumped masses: FUSELAGE 3338.6702 Kg
$-------2-------3-------4-------5-------6-------7-------8-------9-------10
CONM2   1       1000    0       111.496 0       0       0       
        75.6515 0       184.298 -20.01690       180.611 
CONM2   2       1001    0       291.277 0       0       0       
        362.993 0       336.755 -20.01690       333.067 
CONM2   3       1002    0       393.001 0       0       0       
        628.126 0       407.009 0       0       407.009 
CONM2   4       1003    0       454.606 0       0       0       
        726.588 0       623.898 0       0       623.898 
CONM2   5       1004    0       426.439 0       0       0       
        681.57  0       535.758 0       0       535.758 
CONM2   6       1005    0       392.123 0       0       0       
        626.723 0       399.569 0       0       399.569 
CONM2   7       1006    0       449.247 0       0       0       
        718.023 0       606.166 0       0       606.166 
CONM2   8       1007    0       400.591 0       0       0       
        594.976 0       525.67  6.11025 0       526.346 
CONM2   9       1008    0       255.825 0       0       0       
        283.133 0       255.786 3.02438 0       256.121 
CONM2   10      1009    0       130.738 0       0       0       
        82.6724 0       148.723 -7.304860       147.915 
CONM2   11      1010    0       33.3272 0       0       0       
        7.44826 0       45.5963 -4.218990       45.1297 

$-------2-------3-------4-------5-------6-------7-------8-------9-------10
$ Lumped masses: WING 2427.8591 Kg
$-------2-------3-------4-------5-------6-------7-------8-------9-------10
CONM2   12      2000    0       7.99979 -1.771080       0       
        0       0       0       0       0       0       
CONM2   13      2000    0       23.9994 2.1801  0       0       
        0       0       0       0       0       0       
CONM2   14      2001    0       15.9996 -1.770840       0       
        0       0       0       0       0       0       
CONM2   15      2001    0       47.9988 2.15869 0       0       
        0       0       0       0       0       0       
CONM2   16      2002    0       27.9751 -1.6853 0.2983850.032048
        0       0       0       0       0       0       
CONM2   17      2002    0       83.9252 2.03677 -0.36061-0.03873
        0       0       0       0       0       0       
CONM2   18      2003    0       37.7113 -1.585480.2807110.030150
        0       0       0       0       0       0       
CONM2   19      2003    0       113.134 1.91761 -0.33951-0.03646
        0       0       0       0       0       0       
CONM2   20      2004    0       33.3005 -1.485660.2630370.028251
        0       0       0       0       0       0       
CONM2   21      2004    0       99.9016 1.79846 -0.31841-0.03420
        0       0       0       0       0       0       
CONM2   22      2005    0       29.0989 -1.385830.2453640.026353
        0       0       0       0       0       0       
CONM2   23      2005    0       87.2967 1.6793  -0.29732-0.03193
        0       0       0       0       0       0       
CONM2   24      2006    0       25.3467 -1.288370.2551130.026271
        0       0       0       0       0       0       
CONM2   25      2006    0       76.04   1.55462 -0.30783-0.03170
        0       0       0       0       0       0       
CONM2   26      2007    0       22.179  -1.207310.2390630.024618
        0       0       0       0       0       0       
CONM2   27      2007    0       66.5369 1.45824 -0.28874-0.02973
        0       0       0       0       0       0       
CONM2   28      2008    0       19.3827 -1.126290.2230190.022966
        0       0       0       0       0       0       
CONM2   29      2008    0       58.1482 1.36188 -0.26966-0.02777
        0       0       0       0       0       0       
CONM2   30      2009    0       16.7757 -1.045260.2069750.021313
        0       0       0       0       0       0       
CONM2   31      2009    0       50.327  1.26552 -0.25058-0.02580
        0       0       0       0       0       0       
CONM2   32      2010    0       14.3571 -0.964230.19093 0.019661
        0       0       0       0       0       0       
CONM2   33      2010    0       43.0713 1.16916 -0.23150-0.02384
        0       0       0       0       0       0       
CONM2   34      2011    0       12.127  -0.883200.1748860.018009
        0       0       0       0       0       0       
CONM2   35      2011    0       36.3809 1.0728  -0.21242-0.02187
        0       0       0       0       0       0       
CONM2   36      2012    0       10.0863 -0.802180.1588420.016357
        0       0       0       0       0       0       
CONM2   37      2012    0       30.2589 0.976441-0.19334-0.01991
        0       0       0       0       0       0       
CONM2   38      2013    0       8.22481 -0.7289 0.1585620.015796
        0       0       0       0       0       0       
CONM2   39      2013    0       24.6744 0.882682-0.19201-0.01912
        0       0       0       0       0       0       
CONM2   40      2014    0       6.78706 -0.672450.1462830.014573
        0       0       0       0       0       0       
CONM2   41      2014    0       20.3612 0.815793-0.17746-0.01767
        0       0       0       0       0       0       
CONM2   42      2015    0       5.73317 -0.616000.1340030.013349
        0       0       0       0       0       0       
CONM2   43      2015    0       17.1995 0.748895-0.16291-0.01622
        0       0       0       0       0       0       
CONM2   44      2016    0       4.76795 -0.559550.1217230.012126
        0       0       0       0       0       0       
CONM2   45      2016    0       14.3038 0.681997-0.14835-0.01477
        0       0       0       0       0       0       
CONM2   46      2017    0       3.89182 -0.5031 0.1094420.010902
        0       0       0       0       0       0       
CONM2   47      2017    0       11.6755 0.615098-0.13380-0.01333
        0       0       0       0       0       0       
CONM2   48      2018    0       1.73802 -0.5031 0.1094420.010902
        0       0       0       0       0       0       
CONM2   49      2018    0       5.21405 0.615098-0.13380-0.01333
        0       0       0       0       0       0       
CONM2   50      2000    0       7.99979 -1.771080       0       
        0       0       0       0       0       0       
CONM2   51      2000    0       23.9994 2.1801  0       0       
        0       0       0       0       0       0       
CONM2   52      2019    0       15.9996 -1.770840       0       
        0       0       0       0       0       0       
CONM2   53      2019    0       47.9988 2.15869 0       0       
        0       0       0       0       0       0       
CONM2   54      2020    0       27.9751 -1.6853 -0.298380.032048
        0       0       0       0       0       0       
CONM2   55      2020    0       83.9252 2.03677 0.360613-0.03873
        0       0       0       0       0       0       
CONM2   56      2021    0       37.7113 -1.58548-0.280710.030150
        0       0       0       0       0       0       
CONM2   57      2021    0       113.134 1.91761 0.339516-0.03646
        0       0       0       0       0       0       
CONM2   58      2022    0       33.3005 -1.48566-0.263030.028251
        0       0       0       0       0       0       
CONM2   59      2022    0       99.9016 1.79846 0.318419-0.03420
        0       0       0       0       0       0       
CONM2   60      2023    0       29.0989 -1.38583-0.245360.026353
        0       0       0       0       0       0       
CONM2   61      2023    0       87.2967 1.6793  0.297321-0.03193
        0       0       0       0       0       0       
CONM2   62      2024    0       25.3467 -1.28837-0.255110.026271
        0       0       0       0       0       0       
CONM2   63      2024    0       76.04   1.55462 0.307835-0.03170
        0       0       0       0       0       0       
CONM2   64      2025    0       22.179  -1.20731-0.239060.024618
        0       0       0       0       0       0       
CONM2   65      2025    0       66.5369 1.45824 0.288749-0.02973
        0       0       0       0       0       0       
CONM2   66      2026    0       19.3827 -1.12629-0.223010.022966
        0       0       0       0       0       0       
CONM2   67      2026    0       58.1482 1.36188 0.269669-0.02777
        0       0       0       0       0       0       
CONM2   68      2027    0       16.7757 -1.04526-0.206970.021313
        0       0       0       0       0       0       
CONM2   69      2027    0       50.327  1.26552 0.250588-0.02580
        0       0       0       0       0       0       
CONM2   70      2028    0       14.3571 -0.96423-0.190930.019661
        0       0       0       0       0       0       
CONM2   71      2028    0       43.0713 1.16916 0.231508-0.02384
        0       0       0       0       0       0       
CONM2   72      2029    0       12.127  -0.88320-0.174880.018009
        0       0       0       0       0       0       
CONM2   73      2029    0       36.3809 1.0728  0.212428-0.02187
        0       0       0       0       0       0       
CONM2   74      2030    0       10.0863 -0.80218-0.158840.016357
        0       0       0       0       0       0       
CONM2   75      2030    0       30.2589 0.9764410.193347-0.01991
        0       0       0       0       0       0       
CONM2   76      2031    0       8.22481 -0.7289 -0.158560.015796
        0       0       0       0       0       0       
CONM2   77      2031    0       24.6744 0.8826820.192015-0.01912
        0       0       0       0       0       0       
CONM2   78      2032    0       6.78706 -0.67245-0.146280.014573
        0       0       0       0       0       0       
CONM2   79      2032    0       20.3612 0.8157930.177464-0.01767
        0       0       0       0       0       0       
CONM2   80      2033    0       5.73317 -0.61600-0.134000.013349
        0       0       0       0       0       0       
CONM2   81      2033    0       17.1995 0.7488950.162911-0.01622
        0       0       0       0       0       0       
CONM2   82      2034    0       4.76795 -0.55955-0.121720.012126
        0       0       0       0       0       0       
CONM2   83      2034    0       14.3038 0.6819970.148359-0.01477
        0       0       0       0       0       0       
CONM2   84      2035    0       3.89182 -0.5031 -0.109440.010902
        0       0       0       0       0       0       
CONM2   85      2035    0       11.6755 0.6150980.133806-0.01333
        0       0       0       0       0       0       
CONM2   86      2036    0       1.73802 -0.5031 -0.109440.010902
        0       0       0       0       0       0       
CONM2   87      2036    0       5.21405 0.6150980.133806-0.01333
        0       0       0       0       0       0       

$-------2-------3-------4-------5-------6-------7-------8-------9-------10
$ Lumped masses: VTAIL 283.0443 Kg
$-------2-------3-------4-------5-------6-------7-------8-------9-------10
CONM2   88      3000    0       15.7395 0       0       0       
        2.41826 0       0.5070372.77972 0       4.54991 
CONM2   89      3001    0       30.9543 0       0       0       
        4.68993 0       0.9971735.37082 0       8.80861 
CONM2   90      3002    0       29.914  0       0       0       
        4.40368 0       0.96366 5.00324 0       8.24047 
CONM2   91      3003    0       28.8915 0       0       0       
        4.13102 0       0.93072 4.65458 0       7.70043 
CONM2   92      3004    0       27.8852 0       0       0       
        3.87128 0       0.8983044.32395 0       7.18715 
CONM2   93      3005    0       26.9247 0       0       0       
        3.6282  0       0.8673614.01542 0       6.70747 
CONM2   94      3006    0       25.2237 0       0       0       
        3.31883 0       0.8603013.59611 0       6.12054 
CONM2   95      3007    0       23.451  0       0       0       
        3.00262 0       0.8488053.17141 0       5.51859 
CONM2   96      3008    0       22.3973 0       0       0       
        2.76469 0       0.8106662.87723 0       5.04729 
CONM2   97      3009    0       21.3678 0       0       0       
        2.54236 0       0.7734042.60472 0       4.60875 
CONM2   98      3010    0       20.3625 0       0       0       
        2.33406 0       0.7370192.35158 0       4.19964 
CONM2   99      3011    0       9.93297 0       0       0       
        1.11667 0       0.3595231.11487 0       2.00113 

$-------2-------3-------4-------5-------6-------7-------8-------9-------10
$ Lumped masses: HTAIL 306.0055 Kg
$-------2-------3-------4-------5-------6-------7-------8-------9-------10
CONM2   100     4000    0       0.9302630       0       0       
        0.0010170       0.0010170       0       0.306708
CONM2   101     4001    0       1.86053 0       0       0       
        0.0020340       0.5674880       0       0.002034
CONM2   102     4002    0       13.3666 0       0       0       
        0.8188481.06731 2.75539 0       0       0.300015
CONM2   103     4003    0       23.5699 0       0       0       
        1.49785 1.91556 4.50724 0       0       0.566672
CONM2   104     4004    0       21.0362 0       0       0       
        1.24046 1.51139 3.6149  0       0       0.505756
CONM2   105     4005    0       18.6466 0       0       0       
        1.01835 1.17265 2.86062 0       0       0.448307
CONM2   106     4006    0       16.4013 0       0       0       
        0.8284780.8931192.23159 0       0       0.394323
CONM2   107     4007    0       14.2517 0       0       0       
        0.7223280.6296961.71094 0       0       0.4161  
CONM2   108     4008    0       12.0611 0       0       0       
        0.6208470.4038421.25422 0       0       0.424328
CONM2   109     4009    0       9.9117  0       0       0       
        0.4712590.2518350.8662250       0       0.34871 
CONM2   110     4010    0       7.97396 0       0       0       
        0.3507590.1443040.5770790       0       0.280537
CONM2   111     4011    0       6.2474  0       0       0       
        0.2549080.0721580.3680780       0       0.219794
CONM2   112     4012    0       4.73203 0       0       0       
        0.1797620.0272920.2225650       0       0.166481
CONM2   113     4013    0       2.01357 0       0       0       
        0.0734500       0.0708400.0053630       0.081862
CONM2   114     4000    0       0.9302630       0       0       
        0.0010170       0.0010170       0       0.306708
CONM2   115     4014    0       1.86053 0       0       0       
        0.0020340       0.5674880       0       0.002034
CONM2   116     4015    0       13.3666 0       0       0       
        0.818848-1.067312.75539 0       0       0.300015
CONM2   117     4016    0       23.5699 0       0       0       
        1.49785 -1.915564.50724 0       0       0.566672
CONM2   118     4017    0       21.0362 0       0       0       
        1.24046 -1.511393.6149  0       0       0.505756
CONM2   119     4018    0       18.6466 0       0       0       
        1.01835 -1.172652.86062 0       0       0.448307
CONM2   120     4019    0       16.4013 0       0       0       
        0.828478-0.893112.23159 0       0       0.394323
CONM2   121     4020    0       14.2517 0       0       0       
        0.722328-0.629691.71094 0       0       0.4161  
CONM2   122     4021    0       12.0611 0       0       0       
        0.620847-0.403841.25422 0       0       0.424328
CONM2   123     4022    0       9.9117  0       0       0       
        0.471259-0.251830.8662250       0       0.34871 
CONM2   124     4023    0       7.97396 0       0       0       
        0.350759-0.144300.5770790       0       0.280537
CONM2   125     4024    0       6.2474  0       0       0       
        0.254908-0.072150.3680780       0       0.219794
CONM2   126     4025    0       4.73203 0       0       0       
        0.179762-0.027290.2225650       0       0.166481
CONM2   127     4026    0       2.01357 0       0       0       
        0.0734500       0.0708400.0053630       0.081862

$-------2-------3-------4-------5-------6-------7-------8-------9-------10
$ Lumped masses: ENGINES 11426.1401 Kg
$-------2-------3-------4-------5-------6-------7-------8-------9-------10
CONM2   128     1009    0       5713.07 -0.652673.2725  1.31488 
        0       0       0       0       0       0       
CONM2   129     1009    0       5713.07 -0.65267-3.2725 1.31488 
        0       0       0       0       0       0       

$-------2-------3-------4-------5-------6-------7-------8-------9-------10
$ Lumped masses: MAIN LANDING GEAR 1665.3932 Kg
$-------2-------3-------4-------5-------6-------7-------8-------9-------10
CONM2   130     1006    0       1665.39 1.15372 0       -0.59273
        0       0       0       0       0       0       
PARAM   LANDG   1006

$-------2-------3-------4-------5-------6-------7-------8-------9-------10
$ Lumped masses: BAGGAGE 1179.1 Kg
$-------2-------3-------4-------5-------6-------7-------8-------9-------10
CONM2   131     1002    0       119.629 0       0       0       
        191.2   0       142.819 0       0       142.819 
CONM2   132     1003    0       237.81  0       0       0       
        380.088 0       323.649 0       0       323.649 
CONM2   133     1004    0       231.577 0       0       0       
        370.125 0       282.803 0       0       282.803 
CONM2   134     1005    0       232.704 0       0       0       
        371.926 0       236.312 0       0       236.312 
CONM2   135     1006    0       238.344 0       0       0       
        380.941 0       317.682 0       0       317.682 
CONM2   136     1007    0       119.036 0       0       0       
        190.253 0       183.343 0       0       183.343 

$-------2-------3-------4-------5-------6-------7-------8-------9-------10
$ Lumped masses: PASSENGERS 11793.47 Kg
$-------2-------3-------4-------5-------6-------7-------8-------9-------10
CONM2   137     1001    0       967.872 0       0       0       
        1546.93 0       820.763 0       0       820.763 
CONM2   138     1002    0       1968.01 0       0       0       
        3145.44 0       2014.79 0       0       2014.79 
CONM2   139     1003    0       1988.18 0       0       0       
        3177.68 0       2705.83 0       0       2705.83 
CONM2   140     1004    0       1936.07 0       0       0       
        3094.39 0       2364.34 0       0       2364.34 
CONM2   141     1005    0       1945.49 0       0       0       
        3109.45 0       1975.66 0       0       1975.66 
CONM2   142     1006    0       1992.65 0       0       0       
        3184.81 0       2655.94 0       0       2655.94 
CONM2   143     1007    0       995.186 0       0       0       
        1590.59 0       1532.82 0       0       1532.82 


$ Fuselage
$        ID     nodeID  SR      MASS      xoff   yoff     zoff
$-------2-------3-------4-------5-------6-------7-------8-------9-------10
CONM2   1000    1000    0       570.775 0.      0.      0.        
        0.      0.      0.      0.      0.      0.        
CONM2   1001    1001    0       1.47e+030.      0.      0.        
        0.      0.      0.      0.      0.      0.        
CONM2   1002    1002    0       1.85e+030.      0.      0.        
        0.      0.      0.      0.      0.      0.        
CONM2   1003    1003    0       1.93e+030.      0.      0.        
        0.      0.      0.      0.      0.      0.        
CONM2   1004    1004    0       1.86e+030.      0.      0.        
        0.      0.      0.      0.      0.      0.        
CONM2   1005    1005    0       1.84e+030.      0.      0.        
        0.      0.      0.      0.      0.      0.        
CONM2   1006    1006    0       1.94e+030.      0.      0.        
        0.      0.      0.      0.      0.      0.        
CONM2   1007    1007    0       1.72e+030.      0.      0.        
        0.      0.      0.      0.      0.      0.        
CONM2   1008    1008    0       1.22e+030.      0.      0.        
        0.      0.      0.      0.      0.      0.        
CONM2   1009    1009    0       678.30130.      0.      0.        
        0.      0.      0.      0.      0.      0.        
CONM2   1010    1010    0       190.23240.      0.      0.        
        0.      0.      0.      0.      0.      0.        

$ Horizontal Tail
$        ID     nodeID  SR      MASS      xoff   yoff     zoff
$-------2-------3-------4-------5-------6-------7-------8-------9-------10
CONM2   3999    4000    0       3.7594  0.      0.      0.        
        0.      0.      0.      0.      0.      0.        
CONM2   4001    4001    0       7.5187  0.      0.      0.        
        0.      0.      0.      0.      0.      0.        
CONM2   4002    4002    0       19.3060 0.      0.      0.        
        0.      0.      0.      0.      0.      0.        
CONM2   4003    4003    0       29.4818 0.      0.      0.        
        0.      0.      0.      0.      0.      0.        
CONM2   4004    4004    0       26.8621 0.      0.      0.        
        0.      0.      0.      0.      0.      0.        
CONM2   4005    4005    0       24.2502 0.      0.      0.        
        0.      0.      0.      0.      0.      0.        
CONM2   4006    4006    0       21.6478 0.      0.      0.        
        0.      0.      0.      0.      0.      0.        
CONM2   4007    4007    0       21.2119 0.      0.      0.        
        0.      0.      0.      0.      0.      0.        
CONM2   4008    4008    0       19.7135 0.      0.      0.        
        0.      0.      0.      0.      0.      0.        
CONM2   4009    4009    0       16.0997 0.      0.      0.        
        0.      0.      0.      0.      0.      0.        
CONM2   4010    4010    0       12.8819 0.      0.      0.        
        0.      0.      0.      0.      0.      0.        
CONM2   4011    4011    0       9.3274  0.      0.      0.        
        0.      0.      0.      0.      0.      0.        
CONM2   4012    4012    0       5.9797  0.      0.      0.        
        0.      0.      0.      0.      0.      0.        
CONM2   4013    4013    0       2.2607  0.      0.      0.        
        0.      0.      0.      0.      0.      0.        
$        
CONM2   4000    4000    0       3.7594  0.      0.      0.        
        0.      0.      0.      0.      0.      0.        
CONM2   4014    4014    0       7.5187  0.      0.      0.        
        0.      0.      0.      0.      0.      0.        
CONM2   4015    4015    0       19.3060 0.      0.      0.        
        0.      0.      0.      0.      0.      0.        
CONM2   4016    4016    0       29.4818 0.      0.      0.        
        0.      0.      0.      0.      0.      0.        
CONM2   4017    4017    0       26.8621 0.      0.      0.        
        0.      0.      0.      0.      0.      0.        
CONM2   4018    4018    0       24.2502 0.      0.      0.        
        0.      0.      0.      0.      0.      0.        
CONM2   4019    4019    0       21.6478 0.      0.      0.        
        0.      0.      0.      0.      0.      0.        
CONM2   4020    4020    0       21.2119 0.      0.      0.        
        0.      0.      0.      0.      0.      0.        
CONM2   4021    4021    0       19.7135 0.      0.      0.        
        0.      0.      0.      0.      0.      0.        
CONM2   4022    4022    0       16.0997 0.      0.      0.        
        0.      0.      0.      0.      0.      0.        
CONM2   4023    4023    0       12.8819 0.      0.      0.        
        0.      0.      0.      0.      0.      0.        
CONM2   4024    4024    0       9.3274  0.      0.      0.        
        0.      0.      0.      0.      0.      0.        
CONM2   4025    4025    0       5.9797  0.      0.      0.        
        0.      0.      0.      0.      0.      0.        
CONM2   4026    4026    0       2.2607  0.      0.      0.        
        0.      0.      0.      0.      0.      0.                

$ Vertical Tail
$        ID     nodeID  SR      MASS      xoff   yoff     zoff
$-------2-------3-------4-------5-------6-------7-------8-------9-------10
CONM2   3000    3000    0       23.3771 0.      0.      0.        
        0.      0.      0.      0.      0.      0.        
CONM2   3001    3001    0       45.4735 0.      0.      0.        
        0.      0.      0.      0.      0.      0.        
CONM2   3002    3002    0       42.8389 0.      0.      0.        
        0.      0.      0.      0.      0.      0.        
CONM2   3003    3003    0       40.1027 0.      0.      0.        
        0.      0.      0.      0.      0.      0.        
CONM2   3004    3004    0       37.4949 0.      0.      0.        
        0.      0.      0.      0.      0.      0.        
CONM2   3005    3005    0       35.3365 0.      0.      0.        
        0.      0.      0.      0.      0.      0.        
CONM2   3006    3006    0       34.0110 0.      0.      0.        
        0.      0.      0.      0.      0.      0.        
CONM2   3007    3007    0       32.2010 0.      0.      0.        
        0.      0.      0.      0.      0.      0.        
CONM2   3008    3008    0       29.7802 0.      0.      0.        
        0.      0.      0.      0.      0.      0.        
CONM2   3009    3009    0       28.3546 0.      0.      0.        
        0.      0.      0.      0.      0.      0.        
CONM2   3010    3010    0       27.5264 0.      0.      0.        
        0.      0.      0.      0.      0.      0.        
CONM2   3011    3011    0       13.5603 0.      0.      0.        
        0.      0.      0.      0.      0.      0.        
$ Wing        
$        ID     nodeID  SR      MASS      xoff   yoff     zoff
$-------2-------3-------4-------5-------6-------7-------8-------9-------10
CONM2   1999    2000    0       97.6955 0.      0.      0.        
        0.      0.      0.      0.      0.      0.        
CONM2   2001    2001    0       195.39150.      0.      0.        
        0.      0.      0.      0.      0.      0.        
CONM2   2002    2002    0       207.74300.      0.      0.        
        0.      0.      0.      0.      0.      0.        
CONM2   2003    2003    0       209.22040.      0.      0.        
        0.      0.      0.      0.      0.      0.        
CONM2   2004    2004    0       187.76750.      0.      0.        
        0.      0.      0.      0.      0.      0.        
CONM2   2005    2005    0       166.81950.      0.      0.        
        0.      0.      0.      0.      0.      0.        
CONM2   2006    2006    0       144.76040.      0.      0.        
        0.      0.      0.      0.      0.      0.        
CONM2   2007    2007    0       123.37380.      0.      0.        
        0.      0.      0.      0.      0.      0.        
CONM2   2008    2008    0       105.94570.      0.      0.        
        0.      0.      0.      0.      0.      0.        
CONM2   2009    2009    0       91.3774 0.      0.      0.        
        0.      0.      0.      0.      0.      0.        
CONM2   2010    2010    0       78.6444 0.      0.      0.        
        0.      0.      0.      0.      0.      0.        
CONM2   2011    2011    0       66.8222 0.      0.      0.        
        0.      0.      0.      0.      0.      0.        
CONM2   2012    2012    0       56.6463 0.      0.      0.        
        0.      0.      0.      0.      0.      0.        
CONM2   2013    2013    0       45.4206 0.      0.      0.        
        0.      0.      0.      0.      0.      0.        
CONM2   2014    2014    0       34.2706 0.      0.      0.        
        0.      0.      0.      0.      0.      0.        
CONM2   2015    2015    0       26.9862 0.      0.      0.        
        0.      0.      0.      0.      0.      0.        
CONM2   2016    2016    0       19.5939 0.      0.      0.        
        0.      0.      0.      0.      0.      0.        
CONM2   2017    2017    0       11.4116 0.      0.      0.        
        0.      0.      0.      0.      0.      0.        
CONM2   2018    2018    0       3.7558  0.      0.      0.        
        0.      0.      0.      0.      0.      0.        

CONM2   2000    2000    0       97.6955 0.      0.      0.        
        0.      0.      0.      0.      0.      0.        
CONM2   2019    2019    0       195.39150.      0.      0.        
        0.      0.      0.      0.      0.      0.        
CONM2   2020    2020    0       207.74300.      0.      0.        
        0.      0.      0.      0.      0.      0.        
CONM2   2021    2021    0       209.22040.      0.      0.        
        0.      0.      0.      0.      0.      0.        
CONM2   2022    2022    0       187.76750.      0.      0.        
        0.      0.      0.      0.      0.      0.        
CONM2   2023    2023    0       166.81950.      0.      0.        
        0.      0.      0.      0.      0.      0.        
CONM2   2024    2024    0       144.76040.      0.      0.        
        0.      0.      0.      0.      0.      0.        
CONM2   2025    2025    0       123.37380.      0.      0.        
        0.      0.      0.      0.      0.      0.        
CONM2   2026    2026    0       105.94570.      0.      0.        
        0.      0.      0.      0.      0.      0.        
CONM2   2027    2027    0       91.3774 0.      0.      0.        
        0.      0.      0.      0.      0.      0.        
CONM2   2028    2028    0       78.6444 0.      0.      0.        
        0.      0.      0.      0.      0.      0.        
CONM2   2029    2029    0       66.8222 0.      0.      0.        
        0.      0.      0.      0.      0.      0.        
CONM2   2030    2030    0       56.6463 0.      0.      0.        
        0.      0.      0.      0.      0.      0.        
CONM2   2031    2031    0       45.4206 0.      0.      0.        
        0.      0.      0.      0.      0.      0.        
CONM2   2032    2032    0       34.2706 0.      0.      0.        
        0.      0.      0.      0.      0.      0.        
CONM2   2033    2033    0       26.9862 0.      0.      0.        
        0.      0.      0.      0.      0.      0.        
CONM2   2034    2034    0       19.5939 0.      0.      0.        
        0.      0.      0.      0.      0.      0.        
CONM2   2035    2035    0       11.4116 0.      0.      0.        
        0.      0.      0.      0.      0.      0.        
CONM2   2036    2036    0       3.7558  0.      0.      0.        
        0.      0.      0.      0.      0.      0.                 

$ Summary of secondary structural masses (as CONM2): 
$ Fuselage: 3338.6702
$ Wing: 2427.8591
$ Canard: 0
$ Htail: 306.0055
$ Vtail: 283.0443
$ Summary of secondary masses (as CONM2): 
$ Engines: 11426.1401
$ Engines2: 0
$ Wing tank: 0
$ Central tank: 0
$ Auxiliary tank: 0
$ Main landing gear: 1665.3932
$ Passengers: 11793.47
$ Baggages: 1179.1
$-------2-------3-------4-------5-------6-------7-------8-------9-------10
$
$ SUPORT GRID to be used: 1006
$
