PARAM   DIVERG  1       
AEROS           0       1.75644 16.5595 27.6353 0       0       
TRIM=   2       
TRIM    2       1       0.3     0.0     SIDES   0.0     ROLL    0.0     
        PITCH   0.0     YAW     0.0     URDD2   0.0     URDD3   9.81    
        URDD4   0.0     URDD5   0.0     URDD6   0.0     ANGLEA  0.0     
          flap1r0.0       flap2r0.0     aileronr0.0     
$-------2-------3-------4-------5-------6-------7-------8-------9-------10
$ Lifting surfaces definition
$-------2-------3-------4-------5-------6-------7-------8-------9-------10
CAERO1  200     0       0       2       4       0012    0012    1       
        1.83    0       -0.6764 1.61779 0.8025271       0       0       0       
CAERO1  204     -0      0       2       4       0012    0012    1       
        1.83    -0      -0.6764 1.61779 -0.802521       -0      0       0       
CAERO1  201     3       0       3       4       0012    0012    1       
        1.83    0.802527-0.6764 1.61779 1.23079 0.8685620       0       0       
        1       0.2     0.2     3         flap1r
CAERO1  205     -3      0       3       4       0012    0012    1       
        1.83    -0.80252-0.6764 1.61779 -1.230790.868562-0      0       0       
        1       0.2     0.2     3         flap1l
CAERO1  202     3       0       5       4       0012    0012    1       
        1.88316 2.03163 -0.611981.40515 2.03337 0.75    0       0       0       
        1       0.2     0.2     3         flap2r
CAERO1  206     -3      0       5       4       0012    0012    1       
        1.88316 -2.03163-0.611981.40515 -2.033370.75    -0      0       0       
        1       0.2     0.2     3         flap2l
CAERO1  213     3       0       3       7       0012    0012    1       
        1.97098 4.06221 -0.505561.05386 1.21999 0.8     0       0       -0.6    
CAERO1  203     3       0       5       4       0012    0012    1       
        2.02367 5.2822  -0.441630.8430910.8133250.8333330       -0.6    -1      
        1       0.2     0.2     3       aileronr
CAERO1  217     -3      0       3       7       0012    0012    1       
        1.97098 -4.06221-0.505561.05386 -1.219990.8     -0      0       -0.6    
CAERO1  207     -3      0       5       4       0012    0012    1       
        2.02367 -5.2822 -0.441630.843091-0.813320.833333-0      -0.6    -1      
        1       0.2     0.2     3       aileronl

$-------2-------3-------4-------5-------6-------7-------8-------9-------10
$ Links aeroelastic variables
$-------2-------3-------4-------5-------6-------7-------8-------9-------10
AELINK  1         flap1l  flap1r-1.0    
AELINK  2         flap2l  flap2r-1.0    
AELINK  3       aileronlaileronr1.0     
