
$-------2-------3-------4-------5-------6-------7-------8-------9-------10
$ Node definition
$-------2-------3-------4-------5-------6-------7-------8-------9-------10
GRID    1000    0       0       0       -0.224860       0       0       
GRID    1001    0       0.732   0       -0.132390       0       0       
GRID    1002    0       1.78    0       0       0       0       0       
GRID    1003    0       2.414   0       0       0       0       0       
GRID    1004    0       2.6389  0       0       0       0       0       
GRID    1005    0       3.048   0       0       0       0       0       
GRID    1006    0       4.392   0       0       0       0       0       
GRID    1007    0       5.124   0       0       0       0       0       
GRID    1008    0       5.856   0       0       0       0       0       
GRID    1010    0       7.32    0       0       0       0       0       
GRID    2001    0       2.6389  0.401264-0.6764 0       0       0       
GRID    2002    0       2.6389  0.802527-0.6764 0       0       0       
GRID    2003    0       2.62561 1.1098  -0.660290       0       0       
GRID    2004    0       2.61232 1.41708 -0.644190       0       0       
GRID    2005    0       2.59903 1.72435 -0.628080       0       0       
GRID    2006    0       2.58574 2.03163 -0.611980       0       0       
GRID    2007    0       2.5711  2.37006 -0.594240       0       0       
GRID    2008    0       2.55646 2.70849 -0.576510       0       0       
GRID    2009    0       2.54182 3.04692 -0.558770       0       0       
GRID    2010    0       2.52719 3.38535 -0.541040       0       0       
GRID    2011    0       2.51255 3.72378 -0.523300       0       0       
GRID    2012    0       2.49791 4.06221 -0.505560       0       0       
GRID    2013    0       2.48327 4.40061 -0.487320       0       0       
GRID    2014    0       2.46863 4.739   -0.469070       0       0       
GRID    2015    0       2.45399 5.0774  -0.450820       0       0       
GRID    2016    0       2.43935 5.41579 -0.432580       0       0       
GRID    2017    0       2.42471 5.75419 -0.414330       0       0       
GRID    2018    0       2.41006 6.09258 -0.396090       0       0       
GRID    2000    0       2.6389  -0      -0.6764 0       0       0       
GRID    2019    0       2.6389  -0.40126-0.6764 0       0       0       
GRID    2020    0       2.6389  -0.80252-0.6764 0       0       0       
GRID    2021    0       2.62561 -1.1098 -0.660290       0       0       
GRID    2022    0       2.61232 -1.41708-0.644190       0       0       
GRID    2023    0       2.59903 -1.72435-0.628080       0       0       
GRID    2024    0       2.58574 -2.03163-0.611980       0       0       
GRID    2025    0       2.5711  -2.37006-0.594240       0       0       
GRID    2026    0       2.55646 -2.70849-0.576510       0       0       
GRID    2027    0       2.54182 -3.04692-0.558770       0       0       
GRID    2028    0       2.52719 -3.38535-0.541040       0       0       
GRID    2029    0       2.51255 -3.72378-0.523300       0       0       
GRID    2030    0       2.49791 -4.06221-0.505560       0       0       
GRID    2031    0       2.48327 -4.40061-0.487320       0       0       
GRID    2032    0       2.46863 -4.739  -0.469070       0       0       
GRID    2033    0       2.45399 -5.0774 -0.450820       0       0       
GRID    2034    0       2.43935 -5.41579-0.432580       0       0       
GRID    2035    0       2.42471 -5.75419-0.414330       0       0       
GRID    2036    0       2.41006 -6.09258-0.396090       0       0       
GRID    1009    0       6.64349 0       0       0       0       0       
GRID    3001    0       6.85539 0       0.2833330       0       0       
GRID    3002    0       7.0673  0       0.5666670       0       0       
GRID    3003    0       7.2792  0       0.85    0       0       0       
GRID    3004    0       7.4911  0       1.13333 0       0       0       
GRID    3005    0       7.70301 0       1.41667 0       0       0       
GRID    3006    0       7.91491 0       1.7     0       0       0       
GRID    4001    0       6.28932 0.0504200       0       0       0       
GRID    4002    0       6.28932 0.10084 0       0       0       0       
GRID    4003    0       6.28733 0.3588940       0       0       0       
GRID    4004    0       6.28533 0.6169470       0       0       0       
GRID    4005    0       6.28334 0.875   0       0       0       0       
GRID    4006    0       6.28164 1.09375 0       0       0       0       
GRID    4007    0       6.27995 1.3125  0       0       0       0       
GRID    4008    0       6.27826 1.53125 0       0       0       0       
GRID    4009    0       6.27657 1.75    0       0       0       0       
GRID    4000    0       6.28932 -0      0       0       0       0       
GRID    4010    0       6.28932 -0.050420       0       0       0       
GRID    4011    0       6.28932 -0.100840       0       0       0       
GRID    4012    0       6.28733 -0.358890       0       0       0       
GRID    4013    0       6.28533 -0.616940       0       0       0       
GRID    4014    0       6.28334 -0.875  0       0       0       0       
GRID    4015    0       6.28164 -1.093750       0       0       0       
GRID    4016    0       6.27995 -1.3125 0       0       0       0       
GRID    4017    0       6.27826 -1.531250       0       0       0       
GRID    4018    0       6.27657 -1.75   0       0       0       0       

$-------2-------3-------4-------5-------6-------7-------8-------9-------10
$ Lifting surfaces definition
$-------2-------3-------4-------5-------6-------7-------8-------9-------10
CAERO1  200     0       0       2       4       0012    0012    1       
        1.83    0       -0.6764 1.61779 0.8025271       0       0       0       
CAERO1  204     -0      0       2       4       0012    0012    1       
        1.83    -0      -0.6764 1.61779 -0.802521       -0      0       0       
CAERO1  201     3       0       3       4       0012    0012    1       
        1.83    0.802527-0.6764 1.61779 1.23079 0.8685620       0       0       
        1       0.2     0.2     3         flap1r
CAERO1  205     -3      0       3       4       0012    0012    1       
        1.83    -0.80252-0.6764 1.61779 -1.230790.868562-0      0       0       
        1       0.2     0.2     3         flap1l
CAERO1  202     3       0       5       4       0012    0012    1       
        1.88316 2.03163 -0.611981.40515 2.03337 0.75    0       0       0       
        1       0.2     0.2     3         flap2r
CAERO1  206     -3      0       5       4       0012    0012    1       
        1.88316 -2.03163-0.611981.40515 -2.033370.75    -0      0       0       
        1       0.2     0.2     3         flap2l
CAERO1  213     3       0       3       7       0012    0012    1       
        1.97098 4.06221 -0.505561.05386 1.21999 0.8     0       0       -0.6    
CAERO1  203     3       0       5       4       0012    0012    1       
        2.02367 5.2822  -0.441630.8430910.8133250.8333330       -0.6    -1      
        1       0.2     0.2     3       aileronr
CAERO1  217     -3      0       3       7       0012    0012    1       
        1.97098 -4.06221-0.505561.05386 -1.219990.8     -0      0       -0.6    
CAERO1  207     -3      0       5       4       0012    0012    1       
        2.02367 -5.2822 -0.441630.843091-0.813320.833333-0      -0.6    -1      
        1       0.2     0.2     3       aileronl
CAERO1  400     0       0       2       4       0012    0012    1       
        5.9305  0       0       0.8970570.10084 1       0       0       0       
CAERO1  403     -0      0       2       4       0012    0012    1       
        5.9305  -0      0       0.897057-0.100841       -0      0       0       
CAERO1  401     0       0       3       4       0012    0012    1       
        5.9305  0.10084 0       0.8970570.77416 0.9555060       0       0       
        1       0.25    0.25    3         elev1r
CAERO1  404     -0      0       3       4       0012    0012    1       
        5.9305  -0.100840       0.897057-0.774160.955506-0      0       0       
        1       0.25    0.25    3         elev1l
CAERO1  402     0       0       4       4       0012    0012    1       
        5.94048 0.875   0       0.8571430.875   0.9473680       0       0       
        1       0.25    0.25    3         elev2r
CAERO1  405     -0      0       4       4       0012    0012    1       
        5.94048 -0.875  0       0.857143-0.875  0.947368-0      0       0       
        1       0.25    0.25    3         elev2l
CAERO1  300     90      0       3       4       0012    0012    1       
        5.9292  0       0       1.68067 0.85    0.7     40.4212 0       0       
        1       0.3     0.3     3        rudder1
CAERO1  301     90      0       3       4       0012    0012    1       
        6.7792  5.2e-0170.85    1.17647 0.85    0.57142940.4212 0       0       
        1       0.3     0.3     3        rudder2

$-------2-------3-------4-------5-------6-------7-------8-------9-------10
$ Links aeroelastic variables
$-------2-------3-------4-------5-------6-------7-------8-------9-------10
AELINK  1         flap1l  flap1r-1.0    
AELINK  2         flap2l  flap2r-1.0    
AELINK  3       aileronlaileronr1.0     
AELINK  4        rudder2 rudder11.0     
AELINK  5         elev2r  elev1r1.0     
AELINK  6         elev1l  elev1r-1.0    
AELINK  7         elev2l  elev1r-1.0    
PARAM   DIVERG  1       
AEROS           0       1.75644 16.5595 27.6353 0       0       
PARAM   GRDPNT  1004    
CONM2   1       1004    0       758.079 0.1446710       -0.24399
        1776.97 0       1549.71 0       0       3242.28 
TRIM= 1, Cruise/Climb
TRIM    1       1       0.3     0.0     SIDES   0.0     ROLL    0.0     
        PITCH   0.0     YAW     0.0     URDD2   0.0     URDD3   9.81    
        URDD4   0.0     URDD5   0.0     URDD6   0.0     ANGLEA  0.0     
        CLIMB   0.0     BANK    0.0     HEAD    0.0     THRUST  0.0
          elev1r0.0       flap1r0.0       flap2r0.0      rudder10.0     
        aileronr0.0     