SOL 103
$LOAD= 1
PARAM   NGS      5
PARAM   NGC      5
PARAM   SNUM     5
$PARAM   BSVALUE  1.0E+12
$-------2-------3-------4-------5-------6-------7-------8-------9-------10
CELAS2  1       1.0E+20 2000    123456
CELAS2  2       1.0E+20 20002   123456
$-------2-------3-------4-------5-------6-------7-------8-------9-------10
EIGR    1               0       20              8
AERO            631.37  8.778   0.85    1       0       1       50

MKAERO1 0.7
        0.0001  0.1     0.2     0.5     0.8     1.0

$-------2-------3-------4-------5-------6-------7-------8-------9-------10
 Material definition
$-------2-------3-------4-------5-------6-------7-------8-------9-------10
MAT1    1       7.37e+10        0.3     2795.717
$
$-------2-------3-------4-------5-------6-------7-------8-------9-------10
$ Force
$-------2-------3-------4-------5-------6-------7-------8-------9-------10
$FORCE   1       2008    0       2000.   0.      0.      1.
$
$
$-------2-------3-------4-------5-------6-------7-------8-------9-------10
 Lifting surfaces definition
$-------2-------3-------4-------5-------6-------7-------8-------9-------10
CAERO1  200     6.08    0       5       5       ms313   ms313   1       
        20.508  -0.00292-2.326  12.7847 9.7429  0.63327 37.2929 0       0       
        0       0.1     0.174   2         flap1d
CAERO1  201     6.08    0       5       5       ms313   ms313   1       
        29.1004 9.6853  -1.2941 8.0962  8.1707  0.73996 39.8952 0       0       
        0       0.174   0.174   2         flap2d
CAERO1  202     6.08    0       5       5       ms313   ms313   1       
        36.4573 17.81   -0.428665.9909  8.3496  0.64599 39.9261 0       0       
        0       0.174   0.118   2       ailern1d

CQUAD4  301     1       2000    2001    2002    2003    0.0
CQUAD4  302     2       2000    2001    2002    2003    0.0
CQUAD4  303     3       2000    2001    2002    2003    0.0

$-------2-------3-------4-------5-------6-------7-------8-------9-------10
$PSHELL  1       1                               1                        BEAM1
PSHELL  1       1       .005                    1               700         
PSHELL  2       1       .002                    1               700    
PSHELL  3       1       .0005                   1               
$------------------------------------------------------------------------
PARAMPL 1       1       2       2       2       2       2       2
        3       3       .1      .75                     20      30

$PARAMPL 2       2       2       2       2       2       2       2
$        3       3       .1      .75                     20      30

$PARAMPL 3       2       1       1       1       1       2       2
$        3       3       .1      .75                     20      30
$-------2-------3-------4-------5-------6-------7-------8-------9-------10
 Node definition
$-------2-------3-------4-------5-------6-------7-------8-------9-------10
GRID    2000    0       25.692  0.1     -2.3605 0       0       0       
GRID    2001    0       27.9224 3.229   -2.0123 0       0       0       
GRID    2002    0       30.1528 6.458   -1.6641 0       0       0       
GRID    2003    0       32.3832 9.6871  -1.3159 0       0       0       
GRID    2004    0       34.551  12.3952 -1.0256 0       0       0       
GRID    2005    0       36.7187 15.1032 -0.735190       0       0       
GRID    2006    0       38.8865 17.8113 -0.444830       0       0       
GRID    2007    0       42.2155 21.9624 0.0002140       0       0       
GRID    2008    0       45.5445 26.1135 0.44526 0       0       0       

$-------2-------3-------4-------5-------6-------7-------8-------9-------10
 Beam properties
$-------2-------3-------4-------5-------6-------7-------8-------9-------10
PBAR    2000    1       0.15618 0.0398910.42994 0.10588 3572.208
PBAR    2001    1       0.1268  0.0240590.25505 0.0628112703.815
PBAR    2002    1       0.0996060.0133510.13848 0.0341031956.359
PBAR    2003    1       0.0782050.0076820.0723470.0187821474.806
PBAR    2004    1       0.0628360.0048670.0435130.0112971209.931
PBAR    2005    1       0.0502120.0029850.0249740.006483981.034 
PBAR    2006    1       0.0347870.0013470.0092560.002404728.0795
PBAR    2007    1       0.0212220.0004120.0013490.000350473.9864

$-------2-------3-------4-------5-------6-------7-------8-------9-------10
 Beam definition
$-------2-------3-------4-------5-------6-------7-------8-------9-------10
CBAR    2000    2000    2000    2001    -0.05022-0.072710.99609 GGG     
CBAR    2001    2001    2001    2002    -0.05022-0.072710.99609 GGG     
CBAR    2002    2002    2002    2003    -0.05022-0.072710.99609 GGG     
CBAR    2003    2003    2003    2004    -0.05212-0.065120.99651 GGG     
CBAR    2004    2004    2004    2005    -0.05212-0.065120.99651 GGG     
CBAR    2005    2005    2005    2006    -0.05212-0.065120.99651 GGG     
CBAR    2006    2006    2006    2007    -0.05214-0.065020.99652 GGG     
CBAR    2007    2007    2007    2008    -0.05214-0.065020.99652 GGG     

$-------2-------3-------4-------5-------6-------7-------8-------9-------10
 Aeronode definition
$-------2-------3-------4-------5-------6-------7-------8-------9-------10
GRID    20000   0       21.6334 0       -2.3605 0       0       0       
GRID    20001   0       25.6808 0       -2.9997 0       0       0       
GRID    20002   0       29.7505 0.2     -2.3605 0       0       0       
GRID    20003   0       25.7031 0       -1.7214 0       0       0       
GRID    20004   0       24.36   3.2224  -1.9505 0       0       0       
GRID    20005   0       27.9126 3.2884  -2.5702 0       0       0       
GRID    20006   0       31.4848 3.2356  -2.0742 0       0       0       
GRID    20007   0       27.9322 3.1696  -1.4545 0       0       0       
GRID    20008   0       27.0865 6.4524  -1.6109 0       0       0       
GRID    20009   0       30.1444 6.5092  -2.1443 0       0       0       
GRID    20010   0       33.2191 6.4637  -1.7173 0       0       0       
GRID    20011   0       30.1612 6.4069  -1.184  0       0       0       
GRID    20012   0       29.8131 9.6823  -1.2713 0       0       0       
GRID    20013   0       32.3762 9.7299  -1.7184 0       0       0       
GRID    20014   0       34.9534 9.6918  -1.3605 0       0       0       
GRID    20015   0       32.3903 9.6442  -0.913450       0       0       
GRID    20016   0       32.2036 12.3908 -0.984820       0       0       
GRID    20017   0       34.5445 12.4343 -1.3931 0       0       0       
GRID    20018   0       36.8984 12.3995 -1.0663 0       0       0       
GRID    20019   0       34.5574 12.356  -0.657970       0       0       
GRID    20020   0       34.5941 15.0993 -0.698320       0       0       
GRID    20021   0       36.7129 15.1387 -1.0679 0       0       0       
GRID    20022   0       38.8433 15.1072 -0.772070       0       0       
GRID    20023   0       36.7246 15.0678 -0.402490       0       0       
GRID    20024   0       36.9847 17.8078 -0.411820       0       0       
GRID    20025   0       38.8812 17.843  -0.742640       0       0       
GRID    20026   0       40.7883 17.8148 -0.477840       0       0       
GRID    20027   0       38.8917 17.7796 -0.147010       0       0       
GRID    20028   0       40.6503 21.9595 0.0273820       0       0       
GRID    20029   0       42.2112 21.9885 -0.244890       0       0       
GRID    20030   0       43.7807 21.9653 -0.026950       0       0       
GRID    20031   0       42.2198 21.9363 0.24532 0       0       0       
GRID    20032   0       44.316  26.1112 0.46658 0       0       0       
GRID    20033   0       45.5412 26.134  0.25287 0       0       0       
GRID    20034   0       46.7731 26.1158 0.42393 0       0       0       
GRID    20035   0       45.5479 26.093  0.63765 0       0       0       
RBE0    2000    2000    20000   20001   20002   20003   
RBE0    2001    2001    20004   20005   20006   20007   
RBE0    2002    2002    20008   20009   20010   20011   
RBE0    2003    2003    20012   20013   20014   20015   
RBE0    2004    2004    20016   20017   20018   20019   
RBE0    2005    2005    20020   20021   20022   20023   
RBE0    2006    2006    20024   20025   20026   20027   
RBE0    2007    2007    20028   20029   20030   20031   
RBE0    2008    2008    20032   20033   20034   20035   



$-------2-------3-------4-------5-------6-------7-------8-------9-------10
 Structural interpolation set
$-------2-------3-------4-------5-------6-------7-------8-------9-------10
SET1    1       2000    2001    2002    2003    2004    2005    2006    
        2007    2008    20000   20001   20002   20003   20004   20005   
        20006   20007   20008   20009   20010   20011   20012   20013   
        20014   20015   20016   20017   20018   20019   20020   20021   
        20022   20023   20024   20025   20026   20027   20028   20029   
        20030   20031   20032   20033   20034   20035   

$-------2-------3-------4-------5-------6-------7-------8-------9-------10
 Interpolation definition
$-------2-------3-------4-------5-------6-------7-------8-------9-------10
SPLINE2 200     200     1       25      1       2       
SPLINE2 201     201     1       25      1       2       
SPLINE2 202     202     1       25      1       2       

$-------2-------3-------4-------5-------6-------7-------8-------9-------10
 Lumped masses
$-------2-------3-------4-------5-------6-------7-------8-------9-------10
CONM2   1       2003    0       5000    -5.3856 2.4795  -1.9812 
        0       0       0       0       0       0       
CONM2   2       2006    0       5000    -2.3371 3.6591  -1.7077 
        0       0       0       0       0       0       
