201 201
   0                  0
   0.00500000000000   0.00790000000000
   0.01000000000000   0.01130000000000
   0.01500000000000   0.01450000000000
   0.02000000000000   0.01720000000000
   0.02500000000000   0.01970000000000
   0.03000000000000   0.02200000000000
   0.03500000000000   0.02400000000000
   0.04000000000000   0.02580000000000
   0.04500000000000   0.02740000000000
   0.05000000000000   0.02890000000000
   0.05500000000000   0.03020000000000
   0.06000000000000   0.03150000000000
   0.06500000000000   0.03260000000000
   0.07000000000000   0.03360000000000
   0.07500000000000   0.03450000000000
   0.08000000000000   0.03540000000000
   0.08500000000000   0.03620000000000
   0.09000000000000   0.03700000000000
   0.09500000000000   0.03770000000000
   0.10000000000000   0.03840000000000
   0.10500000000000   0.03910000000000
   0.11000000000000   0.03970000000000
   0.11500000000000   0.04030000000000
   0.12000000000000   0.04090000000000
   0.12500000000000   0.04150000000000
   0.13000000000000   0.04210000000000
   0.13500000000000   0.04270000000000
   0.14000000000000   0.04320000000000
   0.14500000000000   0.04380000000000
   0.15000000000000   0.04430000000000
   0.15500000000000   0.04490000000000
   0.16000000000000   0.04540000000000
   0.16500000000000   0.04600000000000
   0.17000000000000   0.04650000000000
   0.17500000000000   0.04700000000000
   0.18000000000000   0.04750000000000
   0.18500000000000   0.04800000000000
   0.19000000000000   0.04850000000000
   0.19500000000000   0.04900000000000
   0.20000000000000   0.04950000000000
   0.20500000000000   0.05000000000000
   0.21000000000000   0.05040000000000
   0.21500000000000   0.05090000000000
   0.22000000000000   0.05130000000000
   0.22500000000000   0.05180000000000
   0.23000000000000   0.05220000000000
   0.23500000000000   0.05260000000000
   0.24000000000000   0.05300000000000
   0.24500000000000   0.05330000000000
   0.25000000000000   0.05370000000000
   0.25500000000000   0.05400000000000
   0.26000000000000   0.05430000000000
   0.26500000000000   0.05470000000000
   0.27000000000000   0.05490000000000
   0.27500000000000   0.05520000000000
   0.28000000000000   0.05550000000000
   0.28500000000000   0.05570000000000
   0.29000000000000   0.05590000000000
   0.29500000000000   0.05610000000000
   0.30000000000000   0.05630000000000
   0.30500000000000   0.05640000000000
   0.31000000000000   0.05660000000000
   0.31500000000000   0.05670000000000
   0.32000000000000   0.05680000000000
   0.32500000000000   0.05690000000000
   0.33000000000000   0.05690000000000
   0.33500000000000   0.05700000000000
   0.34000000000000   0.05700000000000
   0.34500000000000   0.05700000000000
   0.35000000000000   0.05700000000000
   0.35500000000000   0.05700000000000
   0.36000000000000   0.05700000000000
   0.36500000000000   0.05700000000000
   0.37000000000000   0.05690000000000
   0.37500000000000   0.05680000000000
   0.38000000000000   0.05670000000000
   0.38500000000000   0.05660000000000
   0.39000000000000   0.05650000000000
   0.39500000000000   0.05640000000000
   0.40000000000000   0.05630000000000
   0.40500000000000   0.05610000000000
   0.41000000000000   0.05600000000000
   0.41500000000000   0.05580000000000
   0.42000000000000   0.05560000000000
   0.42500000000000   0.05540000000000
   0.43000000000000   0.05530000000000
   0.43500000000000   0.05500000000000
   0.44000000000000   0.05480000000000
   0.44500000000000   0.05460000000000
   0.45000000000000   0.05440000000000
   0.45500000000000   0.05420000000000
   0.46000000000000   0.05390000000000
   0.46500000000000   0.05370000000000
   0.47000000000000   0.05340000000000
   0.47500000000000   0.05320000000000
   0.48000000000000   0.05290000000000
   0.48500000000000   0.05270000000000
   0.49000000000000   0.05240000000000
   0.49500000000000   0.05210000000000
   0.50000000000000   0.05180000000000
   0.50500000000000   0.05150000000000
   0.51000000000000   0.05120000000000
   0.51500000000000   0.05100000000000
   0.52000000000000   0.05070000000000
   0.52500000000000   0.05040000000000
   0.53000000000000   0.05000000000000
   0.53500000000000   0.04970000000000
   0.54000000000000   0.04940000000000
   0.54500000000000   0.04910000000000
   0.55000000000000   0.04880000000000
   0.55500000000000   0.04840000000000
   0.56000000000000   0.04810000000000
   0.56500000000000   0.04780000000000
   0.57000000000000   0.04740000000000
   0.57500000000000   0.04710000000000
   0.58000000000000   0.04670000000000
   0.58500000000000   0.04640000000000
   0.59000000000000   0.04600000000000
   0.59500000000000   0.04570000000000
   0.60000000000000   0.04530000000000
   0.60500000000000   0.04490000000000
   0.61000000000000   0.04450000000000
   0.61500000000000   0.04410000000000
   0.62000000000000   0.04380000000000
   0.62500000000000   0.04340000000000
   0.63000000000000   0.04300000000000
   0.63500000000000   0.04250000000000
   0.64000000000000   0.04210000000000
   0.64500000000000   0.04170000000000
   0.65000000000000   0.04130000000000
   0.65500000000000   0.04090000000000
   0.66000000000000   0.04040000000000
   0.66500000000000   0.04000000000000
   0.67000000000000   0.03950000000000
   0.67500000000000   0.03910000000000
   0.68000000000000   0.03860000000000
   0.68500000000000   0.03820000000000
   0.69000000000000   0.03770000000000
   0.69500000000000   0.03720000000000
   0.70000000000000   0.03670000000000
   0.70500000000000   0.03630000000000
   0.71000000000000   0.03580000000000
   0.71500000000000   0.03530000000000
   0.72000000000000   0.03480000000000
   0.72500000000000   0.03430000000000
   0.73000000000000   0.03370000000000
   0.73500000000000   0.03320000000000
   0.74000000000000   0.03270000000000
   0.74500000000000   0.03220000000000
   0.75000000000000   0.03160000000000
   0.75500000000000   0.03110000000000
   0.76000000000000   0.03050000000000
   0.76500000000000   0.03000000000000
   0.77000000000000   0.02940000000000
   0.77500000000000   0.02890000000000
   0.78000000000000   0.02830000000000
   0.78500000000000   0.02770000000000
   0.79000000000000   0.02710000000000
   0.79500000000000   0.02660000000000
   0.80000000000000   0.02600000000000
   0.80500000000000   0.02540000000000
   0.81000000000000   0.02480000000000
   0.81500000000000   0.02420000000000
   0.82000000000000   0.02360000000000
   0.82500000000000   0.02300000000000
   0.83000000000000   0.02240000000000
   0.83500000000000   0.02180000000000
   0.84000000000000   0.02120000000000
   0.84500000000000   0.02060000000000
   0.85000000000000   0.01990000000000
   0.85500000000000   0.01930000000000
   0.86000000000000   0.01870000000000
   0.86500000000000   0.01810000000000
   0.87000000000000   0.01740000000000
   0.87500000000000   0.01680000000000
   0.88000000000000   0.01620000000000
   0.88500000000000   0.01550000000000
   0.89000000000000   0.01490000000000
   0.89500000000000   0.01430000000000
   0.90000000000000   0.01360000000000
   0.90500000000000   0.01300000000000
   0.91000000000000   0.01230000000000
   0.91500000000000   0.01170000000000
   0.92000000000000   0.01100000000000
   0.92500000000000   0.01040000000000
   0.93000000000000   0.00970000000000
   0.93500000000000   0.00910000000000
   0.94000000000000   0.00840000000000
   0.94500000000000   0.00780000000000
   0.95000000000000   0.00710000000000
   0.95500000000000   0.00640000000000
   0.96000000000000   0.00580000000000
   0.96500000000000   0.00510000000000
   0.97000000000000   0.00440000000000
   0.97500000000000   0.00370000000000
   0.98000000000000   0.00300000000000
   0.98500000000000   0.00230000000000
   0.99000000000000   0.00160000000000
   0.99500000000000   0.00090000000000
   1.00000000000000                  0
         0         0
    0.0050   -0.0070
    0.0100   -0.0087
    0.0150   -0.0102
    0.0200   -0.0115
    0.0250   -0.0127
    0.0300   -0.0137
    0.0350   -0.0147
    0.0400   -0.0155
    0.0450   -0.0163
    0.0500   -0.0170
    0.0550   -0.0177
    0.0600   -0.0183
    0.0650   -0.0189
    0.0700   -0.0194
    0.0750   -0.0200
    0.0800   -0.0205
    0.0850   -0.0210
    0.0900   -0.0214
    0.0950   -0.0219
    0.1000   -0.0224
    0.1050   -0.0228
    0.1100   -0.0233
    0.1150   -0.0237
    0.1200   -0.0241
    0.1250   -0.0246
    0.1300   -0.0250
    0.1350   -0.0254
    0.1400   -0.0258
    0.1450   -0.0262
    0.1500   -0.0266
    0.1550   -0.0270
    0.1600   -0.0274
    0.1650   -0.0278
    0.1700   -0.0281
    0.1750   -0.0285
    0.1800   -0.0288
    0.1850   -0.0291
    0.1900   -0.0295
    0.1950   -0.0298
    0.2000   -0.0300
    0.2050   -0.0303
    0.2100   -0.0306
    0.2150   -0.0308
    0.2200   -0.0311
    0.2250   -0.0313
    0.2300   -0.0315
    0.2350   -0.0317
    0.2400   -0.0318
    0.2450   -0.0320
    0.2500   -0.0322
    0.2550   -0.0323
    0.2600   -0.0324
    0.2650   -0.0325
    0.2700   -0.0326
    0.2750   -0.0327
    0.2800   -0.0328
    0.2850   -0.0329
    0.2900   -0.0330
    0.2950   -0.0330
    0.3000   -0.0331
    0.3050   -0.0331
    0.3100   -0.0331
    0.3150   -0.0332
    0.3200   -0.0332
    0.3250   -0.0332
    0.3300   -0.0332
    0.3350   -0.0332
    0.3400   -0.0332
    0.3450   -0.0332
    0.3500   -0.0332
    0.3550   -0.0332
    0.3600   -0.0331
    0.3650   -0.0331
    0.3700   -0.0331
    0.3750   -0.0330
    0.3800   -0.0330
    0.3850   -0.0330
    0.3900   -0.0329
    0.3950   -0.0329
    0.4000   -0.0328
    0.4050   -0.0328
    0.4100   -0.0327
    0.4150   -0.0327
    0.4200   -0.0326
    0.4250   -0.0326
    0.4300   -0.0325
    0.4350   -0.0324
    0.4400   -0.0323
    0.4450   -0.0323
    0.4500   -0.0322
    0.4550   -0.0321
    0.4600   -0.0320
    0.4650   -0.0319
    0.4700   -0.0318
    0.4750   -0.0317
    0.4800   -0.0315
    0.4850   -0.0314
    0.4900   -0.0313
    0.4950   -0.0311
    0.5000   -0.0310
    0.5050   -0.0309
    0.5100   -0.0307
    0.5150   -0.0305
    0.5200   -0.0304
    0.5250   -0.0302
    0.5300   -0.0300
    0.5350   -0.0298
    0.5400   -0.0296
    0.5450   -0.0294
    0.5500   -0.0292
    0.5550   -0.0290
    0.5600   -0.0288
    0.5650   -0.0285
    0.5700   -0.0283
    0.5750   -0.0280
    0.5800   -0.0278
    0.5850   -0.0275
    0.5900   -0.0273
    0.5950   -0.0270
    0.6000   -0.0267
    0.6050   -0.0265
    0.6100   -0.0262
    0.6150   -0.0259
    0.6200   -0.0256
    0.6250   -0.0253
    0.6300   -0.0250
    0.6350   -0.0247
    0.6400   -0.0244
    0.6450   -0.0241
    0.6500   -0.0238
    0.6550   -0.0235
    0.6600   -0.0232
    0.6650   -0.0229
    0.6700   -0.0226
    0.6750   -0.0223
    0.6800   -0.0219
    0.6850   -0.0216
    0.6900   -0.0213
    0.6950   -0.0210
    0.7000   -0.0207
    0.7050   -0.0203
    0.7100   -0.0200
    0.7150   -0.0197
    0.7200   -0.0194
    0.7250   -0.0191
    0.7300   -0.0188
    0.7350   -0.0184
    0.7400   -0.0181
    0.7450   -0.0178
    0.7500   -0.0175
    0.7550   -0.0172
    0.7600   -0.0168
    0.7650   -0.0165
    0.7700   -0.0162
    0.7750   -0.0159
    0.7800   -0.0156
    0.7850   -0.0152
    0.7900   -0.0149
    0.7950   -0.0146
    0.8000   -0.0143
    0.8050   -0.0140
    0.8100   -0.0137
    0.8150   -0.0133
    0.8200   -0.0130
    0.8250   -0.0127
    0.8300   -0.0124
    0.8350   -0.0121
    0.8400   -0.0118
    0.8450   -0.0115
    0.8500   -0.0112
    0.8550   -0.0109
    0.8600   -0.0106
    0.8650   -0.0103
    0.8700   -0.0100
    0.8750   -0.0097
    0.8800   -0.0094
    0.8850   -0.0091
    0.8900   -0.0088
    0.8950   -0.0085
    0.9000   -0.0083
    0.9050   -0.0080
    0.9100   -0.0077
    0.9150   -0.0075
    0.9200   -0.0072
    0.9250   -0.0069
    0.9300   -0.0067
    0.9350   -0.0064
    0.9400   -0.0061
    0.9450   -0.0058
    0.9500   -0.0055
    0.9550   -0.0052
    0.9600   -0.0049
    0.9650   -0.0045
    0.9700   -0.0041
    0.9750   -0.0037
    0.9800   -0.0032
    0.9850   -0.0026
    0.9900   -0.0020
    0.9950   -0.0013
    1.0000         0
