SOL 145
EIGR    1               0       20              20
        MASS    2050    4            

AERO            631.37  8.778   0.85    0       0       1       50

MKAERO1 0.7
        0.0001  0.1     0.2     0.5     0.8     1.0

$-------2-------3-------4-------5-------6-------7-------8-------9-------10
 Material definition
$-------2-------3-------4-------5-------6-------7-------8-------9-------10
MAT1    1       7.37e+10        0.3     2795.717
MAT1    2       7.37e+10        0.3     2795.717
MAT1    3       7.37e+10        0.3     2795.717
MAT1    4       7.37e+10        0.3     2795.717

$-------2-------3-------4-------5-------6-------7-------8-------9-------10
 Node definition
$-------2-------3-------4-------5-------6-------7-------8-------9-------10
GRID    1000    0       0       0       -3.0101 0       0       0       
GRID    1001    0       15      0       -2.1293 0       0       0       
GRID    1004    0       60      0       0.51293 0       0       0       
GRID    2000    0       29.8394 1.85    -1.258  0       0       0       
GRID    2001    0       33.2442 3.107   -1.1859 0       0       0       
GRID    2002    0       36.6489 4.3641  -1.1138 0       0       0       
GRID    2003    0       38.0667 6.4299  -0.998710       0       0       
GRID    2004    0       39.4845 8.4956  -0.883580       0       0       
GRID    2005    0       42.8449 11.9467 -0.692930       0       0       
GRID    2006    0       46.2054 15.3977 -0.502290       0       0       
GRID    2007    0       49.5659 18.8487 -0.311640       0       0       
GRID    2008    0       52.9263 22.2998 -0.120990       0       0       
GRID    1002    0       29.8394 0       -1.258  0       0       0       
GRID    2009    0       29.8394 -1.85   -1.258  0       0       0       
GRID    2010    0       33.2442 -3.107  -1.1859 0       0       0       
GRID    2011    0       36.6489 -4.3641 -1.1138 0       0       0       
GRID    2012    0       38.0667 -6.4299 -0.998710       0       0       
GRID    2013    0       39.4845 -8.4956 -0.883580       0       0       
GRID    2014    0       42.8449 -11.9467-0.692930       0       0       
GRID    2015    0       46.2054 -15.3977-0.502290       0       0       
GRID    2016    0       49.5659 -18.8487-0.311640       0       0       
GRID    2017    0       52.9263 -22.2998-0.120990       0       0       
GRID    1003    0       48.4392 0       -0.165880       0       0       
GRID    3000    0       48.4392 0       1.665   0       0       0       
GRID    3001    0       50.2228 0       3.0986  0       0       0       
GRID    3002    0       52.0064 0       4.5322  0       0       0       
GRID    3003    0       54.2146 0       6.3071  0       0       0       
GRID    3004    0       56.4229 0       8.0821  0       0       0       
GRID    4000    0       58.6312 0.34896 9.857   0       0       0       
GRID    4001    0       59.9957 1.8127  9.857   0       0       0       
GRID    4002    0       61.5454 3.4958  9.857   0       0       0       
GRID    4003    0       63.0951 5.179   9.857   0       0       0       
GRID    3005    0       58.6312 0       9.857   0       0       0       
GRID    4004    0       58.6312 -0.348969.857   0       0       0       
GRID    4005    0       59.9957 -1.8127 9.857   0       0       0       
GRID    4006    0       61.5454 -3.4958 9.857   0       0       0       
GRID    4007    0       63.0951 -5.179  9.857   0       0       0       

$-------2-------3-------4-------5-------6-------7-------8-------9-------10
 Beam properties
$-------2-------3-------4-------5-------6-------7-------8-------9-------10
PBAR    1000    1       0.0732110.0401460.0401460.0802911994.694
PBAR    1001    1       0.13001 0.0951220.0951220.19024 2640.366
PBAR    1002    1       0.10668 0.0672650.0672650.13453 406.8704
PBAR    1003    1       0.0710350.0309520.0309520.061903199.0981
PBAR    2000    2       0.33415 0.0903870.43253 0.1876  5057.297
PBAR    2001    2       0.23117 0.0564610.0941510.0951962703.075
PBAR    2002    2       0.19226 0.0361450.0597490.06041 2066.072
PBAR    2003    2       0.23158 0.0271020.18091 0.0674031520.435
PBAR    2004    2       0.18358 0.0141340.0938970.034985987.7207
PBAR    2005    2       0.1126  0.0062890.0351070.014744566.5656
PBAR    2006    2       0.0635380.0023890.0125180.005252377.8896
PBAR    2007    2       0.0321410.0006440.0029140.001223205.9791
PBAR    2008    2       0.0056519.3e-0050.0002510.00010586.2541 
PBAR    3000    3       0.18278 0.0909330.10854 0.0225910       
PBAR    3001    3       0.10456 0.0799980.0872890.0181690       
PBAR    3002    3       0.07663 0.0609790.0543330.0113090       
PBAR    3003    3       0.0312890.0438950.0317060.0065990       
PBAR    3004    3       0.0176630.0295750.0214450.0044630       
PBAR    3005    3       0.0058790.0187620.0136040.0028310       
PBAR    4000    4       0.0880260.0025980.0347680.0045930       
PBAR    4001    4       0.0613360.0016900.0156490.0025450       
PBAR    4002    4       0.0277950.0008370.0075780.0012320       
PBAR    4003    4       0.0047960.0003100.0028090.0004570       

$-------2-------3-------4-------5-------6-------7-------8-------9-------10
 Beam definition
$-------2-------3-------4-------5-------6-------7-------8-------9-------10
CBAR    1000    1000    1000    1001    -0.058610.0     0.99828 GGG     
        0       0       0.0     0.0     1.2486  0.0     0.0     1.2486  
CBAR    1001    1001    1001    1002    -0.058610.0     0.99828 GGG     
        0       0       0.0     0.0     1.2486  0.0     0.0     1.2486  
CBAR    1002    1002    1002    1003    -0.058610.0     0.99828 GGG     
        0       0       0.0     0.0     1.2486  0.0     0.0     1.2486  
CBAR    1003    1003    1003    1004    -0.058610.0     0.99828 GGG     
        0       0       0.0     0.0     1.2486  0.0     0.0     1.2486  
CBAR    2000    2000    1002    2000    0.0     0.0     1.0     GGG     
CBAR    2001    2001    2000    2001    -0.01862-0.006870.9998  GGG     
CBAR    2002    2002    2001    2002    -0.01862-0.006870.9998  GGG     
CBAR    2003    2003    2002    2003    -0.02597-0.037840.99895 GGG     
CBAR    2004    2004    2003    2004    -0.02597-0.037840.99895 GGG     
CBAR    2005    2005    2004    2005    -0.02759-0.028330.99922 GGG     
CBAR    2006    2006    2005    2006    -0.02759-0.028330.99922 GGG     
CBAR    2007    2007    2006    2007    -0.02759-0.028330.99922 GGG     
CBAR    2008    2008    2007    2008    -0.02759-0.028330.99922 GGG     
CBAR    2009    2000    1002    2009    0.0     0.0     -1.0    GGG     
CBAR    2010    2001    2009    2010    0.018628-0.00687-0.9998 GGG     
CBAR    2011    2002    2010    2011    0.018628-0.00687-0.9998 GGG     
CBAR    2012    2003    2011    2012    0.025974-0.03784-0.99895GGG     
CBAR    2013    2004    2012    2013    0.025974-0.03784-0.99895GGG     
CBAR    2014    2005    2013    2014    0.02759 -0.02833-0.99922GGG     
CBAR    2015    2006    2014    2015    0.02759 -0.02833-0.99922GGG     
CBAR    2016    2007    2015    2016    0.02759 -0.02833-0.99922GGG     
CBAR    2017    2008    2016    2017    0.02759 -0.02833-0.99922GGG     
CBAR    3000    3000    1003    3000    -1.0    0.0     0.0     GGG     
CBAR    3001    3001    3000    3001    -0.626480.0     0.77943 GGG     
CBAR    3002    3002    3001    3002    -0.626480.0     0.77943 GGG     
CBAR    3003    3003    3002    3003    -0.626480.0     0.77943 GGG     
CBAR    3004    3004    3003    3004    -0.626480.0     0.77943 GGG     
CBAR    3005    3005    3004    3005    -0.626480.0     0.77943 GGG     
CBAR    4000    4000    3005    4000    0.0     0.0     1.0     GGG     
CBAR    4001    4001    4000    4001    0.0     0.0     1.0     GGG     
CBAR    4002    4002    4001    4002    0.0     0.0     1.0     GGG     
CBAR    4003    4003    4002    4003    0.0     0.0     1.0     GGG     
CBAR    4004    4000    3005    4004    0.0     0.0     -1.0    GGG     
CBAR    4005    4001    4004    4005    0.0     0.0     -1.0    GGG     
CBAR    4006    4002    4005    4006    0.0     0.0     -1.0    GGG     
CBAR    4007    4003    4006    4007    0.0     0.0     -1.0    GGG     

$-------2-------3-------4-------5-------6-------7-------8-------9-------10
 Aeronode definition
$-------2-------3-------4-------5-------6-------7-------8-------9-------10
GRID    20000   0       24.8352 0       -1.1707 0       0       0       
GRID    20001   0       29.822  0       -2.2589 0       0       0       
GRID    20002   0       34.8437 0       -1.3453 0       0       0       
GRID    20003   0       29.8569 0       -0.257150       0       0       
GRID    20004   0       24.8352 1.8454  -1.1708 0       0       0       
GRID    20005   0       29.822  1.9024  -2.2575 0       0       0       
GRID    20006   0       34.8437 1.8546  -1.3452 0       0       0       
GRID    20007   0       29.8569 1.7976  -0.258520       0       0       
GRID    20008   0       28.8327 3.103   -1.109  0       0       0       
GRID    20009   0       33.2288 3.1532  -2.067  0       0       0       
GRID    20010   0       37.6557 3.1111  -1.2628 0       0       0       
GRID    20011   0       33.2596 3.0609  -0.304830       0       0       
GRID    20012   0       32.8302 4.3606  -1.0473 0       0       0       
GRID    20013   0       36.6356 4.4041  -1.8765 0       0       0       
GRID    20014   0       40.4677 4.3676  -1.1804 0       0       0       
GRID    20015   0       36.6623 4.3241  -0.351130       0       0       
GRID    20016   0       34.9028 6.427   -0.943560       0       0       
GRID    20017   0       38.0557 6.463   -1.6306 0       0       0       
GRID    20018   0       41.2306 6.4328  -1.0539 0       0       0       
GRID    20019   0       38.0778 6.3967  -0.366790       0       0       
GRID    20020   0       36.9754 8.4933  -0.839850       0       0       
GRID    20021   0       39.4757 8.5219  -1.3847 0       0       0       
GRID    20022   0       41.9935 8.4979  -0.927320       0       0       
GRID    20023   0       39.4932 8.4694  -0.382460       0       0       
GRID    20024   0       40.8095 11.9462 -0.684060       0       0       
GRID    20025   0       42.8432 11.968  -1.0995 0       0       0       
GRID    20026   0       44.8804 11.9471 -0.7018 0       0       0       
GRID    20027   0       42.8467 11.9254 -0.286410       0       0       
GRID    20028   0       44.644  15.3984 -0.515890       0       0       
GRID    20029   0       46.2081 15.414  -0.814140       0       0       
GRID    20030   0       47.7668 15.397  -0.488680       0       0       
GRID    20031   0       46.2027 15.3814 -0.190440       0       0       
GRID    20032   0       48.4787 18.85   -0.335330       0       0       
GRID    20033   0       49.5706 18.8601 -0.528780       0       0       
GRID    20034   0       50.6531 18.8475 -0.287950       0       0       
GRID    20035   0       49.5611 18.8374 -0.094490       0       0       
GRID    20036   0       52.3132 22.3009 -0.142370       0       0       
GRID    20037   0       52.9306 22.3062 -0.243450       0       0       
GRID    20038   0       53.5394 22.2987 -0.099610       0       0       
GRID    20039   0       52.9221 22.2934 0.0014590       0       0       
RBE0    1002    1002    20000   20001   20002   20003   
RBE0    2000    2000    20004   20005   20006   20007   
RBE0    2001    2001    20008   20009   20010   20011   
RBE0    2002    2002    20012   20013   20014   20015   
RBE0    2003    2003    20016   20017   20018   20019   
RBE0    2004    2004    20020   20021   20022   20023   
RBE0    2005    2005    20024   20025   20026   20027   
RBE0    2006    2006    20028   20029   20030   20031   
RBE0    2007    2007    20032   20033   20034   20035   
RBE0    2008    2008    20036   20037   20038   20039   
GRID    20040   0       24.8352 -1.8454 -1.1708 0       0       0       
GRID    20041   0       29.822  -1.9024 -2.2575 0       0       0       
GRID    20042   0       34.8437 -1.8546 -1.3452 0       0       0       
GRID    20043   0       29.8569 -1.7976 -0.258520       0       0       
GRID    20044   0       28.8327 -3.103  -1.109  0       0       0       
GRID    20045   0       33.2288 -3.1532 -2.067  0       0       0       
GRID    20046   0       37.6557 -3.1111 -1.2628 0       0       0       
GRID    20047   0       33.2596 -3.0609 -0.304830       0       0       
GRID    20048   0       32.8302 -4.3606 -1.0473 0       0       0       
GRID    20049   0       36.6356 -4.4041 -1.8765 0       0       0       
GRID    20050   0       40.4677 -4.3676 -1.1804 0       0       0       
GRID    20051   0       36.6623 -4.3241 -0.351130       0       0       
GRID    20052   0       34.9028 -6.427  -0.943560       0       0       
GRID    20053   0       38.0557 -6.463  -1.6306 0       0       0       
GRID    20054   0       41.2306 -6.4328 -1.0539 0       0       0       
GRID    20055   0       38.0778 -6.3967 -0.366790       0       0       
GRID    20056   0       36.9754 -8.4933 -0.839850       0       0       
GRID    20057   0       39.4757 -8.5219 -1.3847 0       0       0       
GRID    20058   0       41.9935 -8.4979 -0.927320       0       0       
GRID    20059   0       39.4932 -8.4694 -0.382460       0       0       
GRID    20060   0       40.8095 -11.9462-0.684060       0       0       
GRID    20061   0       42.8432 -11.968 -1.0995 0       0       0       
GRID    20062   0       44.8804 -11.9471-0.7018 0       0       0       
GRID    20063   0       42.8467 -11.9254-0.286410       0       0       
GRID    20064   0       44.644  -15.3984-0.515890       0       0       
GRID    20065   0       46.2081 -15.414 -0.814140       0       0       
GRID    20066   0       47.7668 -15.397 -0.488680       0       0       
GRID    20067   0       46.2027 -15.3814-0.190440       0       0       
GRID    20068   0       48.4787 -18.85  -0.335330       0       0       
GRID    20069   0       49.5706 -18.8601-0.528780       0       0       
GRID    20070   0       50.6531 -18.8475-0.287950       0       0       
GRID    20071   0       49.5611 -18.8374-0.094490       0       0       
GRID    20072   0       52.3132 -22.3009-0.142370       0       0       
GRID    20073   0       52.9306 -22.3062-0.243450       0       0       
GRID    20074   0       53.5394 -22.2987-0.099610       0       0       
GRID    20075   0       52.9221 -22.29340.0014590       0       0       
RBE0    2009    2009    20040   20041   20042   20043   
RBE0    2010    2010    20044   20045   20046   20047   
RBE0    2011    2011    20048   20049   20050   20051   
RBE0    2012    2012    20052   20053   20054   20055   
RBE0    2013    2013    20056   20057   20058   20059   
RBE0    2014    2014    20060   20061   20062   20063   
RBE0    2015    2015    20064   20065   20066   20067   
RBE0    2016    2016    20068   20069   20070   20071   
RBE0    2017    2017    20072   20073   20074   20075   
GRID    30000   0       41.46   0       1.665   0       0       0       
GRID    30001   0       48.4392 -0.697921.665   0       0       0       
GRID    30002   0       55.4183 0       1.665   0       0       0       
GRID    30003   0       48.4392 0.69792 1.665   0       0       0       
GRID    30004   0       43.8543 0       3.0986  0       0       0       
GRID    30005   0       50.2228 -0.636853.0986  0       0       0       
GRID    30006   0       56.5913 0       3.0986  0       0       0       
GRID    30007   0       50.2228 0.63685 3.0986  0       0       0       
GRID    30008   0       46.2486 0       4.5322  0       0       0       
GRID    30009   0       52.0064 -0.575784.5322  0       0       0       
GRID    30010   0       57.7642 0       4.5322  0       0       0       
GRID    30011   0       52.0064 0.57578 4.5322  0       0       0       
GRID    30012   0       49.1203 0       6.3071  0       0       0       
GRID    30013   0       54.2146 -0.509436.3071  0       0       0       
GRID    30014   0       59.309  0       6.3071  0       0       0       
GRID    30015   0       54.2146 0.50943 6.3071  0       0       0       
GRID    30016   0       52.131  0       8.0821  0       0       0       
GRID    30017   0       56.4229 -0.4292 8.0821  0       0       0       
GRID    30018   0       60.7149 0       8.0821  0       0       0       
GRID    30019   0       56.4229 0.4292  8.0821  0       0       0       
GRID    30020   0       55.1416 0       9.857   0       0       0       
GRID    30021   0       58.6312 -0.348969.857   0       0       0       
GRID    30022   0       62.1208 0       9.857   0       0       0       
GRID    30023   0       58.6312 0.34896 9.857   0       0       0       
RBE0    3000    3000    30000   30001   30002   30003   
RBE0    3001    3001    30004   30005   30006   30007   
RBE0    3002    3002    30008   30009   30010   30011   
RBE0    3003    3003    30012   30013   30014   30015   
RBE0    3004    3004    30016   30017   30018   30019   
RBE0    3005    3005    30020   30021   30022   30023   
GRID    40000   0       55.2993 0       9.857   0       0       0       
GRID    40001   0       58.6312 0       9.5238  0       0       0       
GRID    40002   0       61.9631 0       9.857   0       0       0       
GRID    40003   0       58.6312 0       10.1902 0       0       0       
GRID    40004   0       55.2993 0.34896 9.857   0       0       0       
GRID    40005   0       58.6312 0.34896 9.5238  0       0       0       
GRID    40006   0       61.9631 0.34896 9.857   0       0       0       
GRID    40007   0       58.6312 0.34896 10.1902 0       0       0       
GRID    40008   0       57.2248 1.8127  9.857   0       0       0       
GRID    40009   0       59.9957 1.8127  9.5799  0       0       0       
GRID    40010   0       62.7666 1.8127  9.857   0       0       0       
GRID    40011   0       59.9957 1.8127  10.1341 0       0       0       
GRID    40012   0       59.4584 3.4958  9.857   0       0       0       
GRID    40013   0       61.5454 3.4958  9.6483  0       0       0       
GRID    40014   0       63.6323 3.4958  9.857   0       0       0       
GRID    40015   0       61.5454 3.4958  10.0657 0       0       0       
GRID    40016   0       61.6921 5.179   9.857   0       0       0       
GRID    40017   0       63.0951 5.179   9.7167  0       0       0       
GRID    40018   0       64.4981 5.179   9.857   0       0       0       
GRID    40019   0       63.0951 5.179   9.9973  0       0       0       
RBE0    3005    3005    40000   40001   40002   40003   
RBE0    4000    4000    40004   40005   40006   40007   
RBE0    4001    4001    40008   40009   40010   40011   
RBE0    4002    4002    40012   40013   40014   40015   
RBE0    4003    4003    40016   40017   40018   40019   
GRID    40020   0       55.2993 -0.348969.857   0       0       0       
GRID    40021   0       58.6312 -0.348969.5238  0       0       0       
GRID    40022   0       61.9631 -0.348969.857   0       0       0       
GRID    40023   0       58.6312 -0.3489610.1902 0       0       0       
GRID    40024   0       57.2248 -1.8127 9.857   0       0       0       
GRID    40025   0       59.9957 -1.8127 9.5799  0       0       0       
GRID    40026   0       62.7666 -1.8127 9.857   0       0       0       
GRID    40027   0       59.9957 -1.8127 10.1341 0       0       0       
GRID    40028   0       59.4584 -3.4958 9.857   0       0       0       
GRID    40029   0       61.5454 -3.4958 9.6483  0       0       0       
GRID    40030   0       63.6323 -3.4958 9.857   0       0       0       
GRID    40031   0       61.5454 -3.4958 10.0657 0       0       0       
GRID    40032   0       61.6921 -5.179  9.857   0       0       0       
GRID    40033   0       63.0951 -5.179  9.7167  0       0       0       
GRID    40034   0       64.4981 -5.179  9.857   0       0       0       
GRID    40035   0       63.0951 -5.179  9.9973  0       0       0       
RBE0    4004    4004    40020   40021   40022   40023   
RBE0    4005    4005    40024   40025   40026   40027   
RBE0    4006    4006    40028   40029   40030   40031   
RBE0    4007    4007    40032   40033   40034   40035   

$-------2-------3-------4-------5-------6-------7-------8-------9-------10
 Lifting surfaces definition
$-------2-------3-------4-------5-------6-------7-------8-------9-------10
CAERO1  200     0       0       1       3       n64a206 n64a206 1       
        21.8315 0       -1.2057 20.0201 1.85    1       0       1       1       
CAERO1  204     0       0       1       3       n64a206 n64a206 1       
        21.8315 0       -1.2057 20.0201 -1.85   1       0       1       1       
CAERO1  201     3       0       2       3       n64a206 n64a206 1       
        21.8315 1.8491  -1.2057 20.0201 2.5177  0.76309 71.4913 1       1       
        1       0.2     0.2     2         flap1d
CAERO1  205     -3      0       2       3       n64a206 n64a206 1       
        21.8315 -1.8491 -1.2057 20.0201 -2.5177 0.76309 -71.49131       1       
        1       0.2     0.2     2         flap1s
CAERO1  202     3       0       2       3       n64a206 n64a206 1       
        30.5384 4.3625  -1.0739 15.2771 4.1377  0.65704 41.1922 1       1       
        1       0.2     0.2     2         flap2d
CAERO1  206     -3      0       2       3       n64a206 n64a206 1       
        30.5384 -4.3625 -1.0739 15.2771 -4.1377 0.65704 -41.19221       1       
        1       0.2     0.2     2         flap2s
CAERO1  203     3       0       4       3       n64a206 n64a206 1       
        35.4695 8.4947  -0.8573410.0377 13.8245 0.24447 46.5225 1       -2      
        1       0.2     0.2     2       ailern1d
CAERO1  207     -3      0       4       3       n64a206 n64a206 1       
        35.4695 -8.4947 -0.8573410.0377 -13.82450.24447 -46.52251       -2      
        1       0.2     0.2     2       ailern1s
CAERO1  400     0       0       1       2       n64a006 n64a006 1       
        55.2993 0       9.857   6.6638  0.34896 1       0       0       0       
CAERO1  403     0       0       1       2       n64a006 n64a006 1       
        55.2993 0       9.857   6.6638  -0.348961       0       0       0       
CAERO1  401     0       0       1       2       n64a006 n64a006 1       
        55.2993 0.34896 9.857   6.6638  1.4637  0.83164 48.3378 0       0       
        1       0.3     0.3     2       elvtor1d
CAERO1  404     0       0       1       2       n64a006 n64a006 1       
        55.2993 -0.348969.857   6.6638  -1.4637 0.83164 -48.33780       0       
        1       0.3     0.3     2       elvtor1s

CAERO1  402     0       0       2       2       n64a006 n64a006 1       
        57.2248 1.8127  9.857   5.5419  3.3664  0.50633 48.3378 0       0       
        1       0.3     0.3     2       elvtor2d
CAERO1  405     0       0       2       2       n64a006 n64a006 1       
        57.2248 -1.8127 9.857   5.5419  -3.3664 0.50633 -48.33780       0       
        1       0.3     0.3     2       elvtor2s

CAERO1  300     90      0       2       3       n64a006 n64a006 1       
        41.46   0       1.665   13.9583 2.8672  0.825   55.5389 0       0       
        1       0.3     0.3     2        rudder1
CAERO1  301     90      0       3       3       n64a006 n64a006 1       
        46.2486 0       4.5322  11.5156 5.3248  0.60606 55.5389 0       0       
        1       0.3     0.3     2        rudder2

$-------2-------3-------4-------5-------6-------7-------8-------9-------10
 Structural interpolation set
$-------2-------3-------4-------5-------6-------7-------8-------9-------10
SET1    2       1002    2000    2001    2002    2003    2004    2005    
        2006    2007    2008    20000   20001   20002   20003   20004   
        20005   20006   20007   20008   20009   20010   20011   20012   
        20013   20014   20015   20016   20017   20018   20019   20020   
        20021   20022   20023   20024   20025   20026   20027   20028   
        20029   20030   20031   20032   20033   20034   20035   20036   
        20037   20038   20039   
SET1    3       1002    2009    2010    2011    2012    2013    2014    
        2015    2016    2017    20000   20001   20002   20003   20040   
        20041   20042   20043   20044   20045   20046   20047   20048   
        20049   20050   20051   20052   20053   20054   20055   20056   
        20057   20058   20059   20060   20061   20062   20063   20064   
        20065   20066   20067   20068   20069   20070   20071   20072   
        20073   20074   20075   
SET1    4       1003    3000    3001    3002    3003    3004    3005    
        40000   40001   40002   40003   30000   30001   30002   30003   
        30004   30005   30006   30007   30008   30009   30010   30011   
        30012   30013   30014   30015   30016   30017   30018   30019   
        30020   30021   30022   30023   
SET1    5       3005    4000    4001    4002    4003    30000   30001   
        30002   30003   40000   40001   40002   40003   40004   40005   
        40006   40007   40008   40009   40010   40011   40012   40013   
        40014   40015   40016   40017   40018   40019   
SET1    6       3005    4004    4005    4006    4007    40000   40001   
        40002   40003   40020   40021   40022   40023   40024   40025   
        40026   40027   40028   40029   40030   40031   40032   40033   
        40034   40035   

$-------2-------3-------4-------5-------6-------7-------8-------9-------10
 Interpolation definition
$-------2-------3-------4-------5-------6-------7-------8-------9-------10
SPLINE2 200     200     1       3       2       2       
SPLINE2 201     201     1       10      2       2       
SPLINE2 202     202     1       10      2       2       
SPLINE2 203     203     1       20      2       2       
SPLINE2 204     204     1       3       3       2       
SPLINE2 205     205     1       10      3       2       
SPLINE2 206     206     1       10      3       2       
SPLINE2 207     207     1       20      3       2       
SPLINE2 300     300     1       10      4       2       
SPLINE2 301     301     1       15      4       2       
SPLINE2 400     400     1       2       5       2       
SPLINE2 401     401     1       4       5       2       
SPLINE2 402     402     1       8       5       2       
SPLINE2 403     403     1       2       6       2       
SPLINE2 404     404     1       4       6       2       
SPLINE2 405     405     1       8       6       2       

$-------2-------3-------4-------5-------6-------7-------8-------9-------10
 Lumped masses
$-------2-------3-------4-------5-------6-------7-------8-------9-------10
CONM2   1       2005    0       16664.923.7301  -4.9328 0.69293 
        0       0       0       0       0       0       
CONM2   2       2014    0       16664.923.7301  4.9328  0.69293 
        0       0       0       0       0       0       
CONM2   3       1002    0       6779.6810.16057 0       1.258   
        0       0       0       0       0       0       
