
$-------2-------3-------4-------5-------6-------7-------8-------9-------10
$ Material definition
$-------2-------3-------4-------5-------6-------7-------8-------9-------10
MAT1    1       7.37e+10        0.3     0       
        4.032e+83.722e+82.584e+8
MAT1    2       7.37e+10        0.3     0       
        3.859e+83.859e+82.573e+8
MAT1    3       7.37e+10        0.3     0       
        3.859e+83.859e+82.573e+8
MAT1    4       7.37e+10        0.3     0       
        3.859e+83.859e+82.573e+8
MAT1    6       7.37e+10        0.3     0       
        3.859e+83.859e+82.573e+8

$-------2-------3-------4-------5-------6-------7-------8-------9-------10
$ Node definition
$-------2-------3-------4-------5-------6-------7-------8-------9-------10
GRID    1000    0       0       0       -3.0349 0       0       0       
GRID    1001    0       5.9352  0       -2.0022 0       0       0       
GRID    1002    0       10      0       -1.295  0       0       0       
GRID    1004    0       20.3051 0       -1.295  0       0       0       
GRID    1005    0       26.3295 0       -1.295  0       0       0       
GRID    1006    0       32.3539 0       -1.295  0       0       0       
GRID    1008    0       41.6791 0       -1.295  0       0       0       
GRID    1010    0       50.6    0       -1.295  0       0       0       
GRID    1011    0       56.565  0       -0.451360       0       0       
GRID    1012    0       60      0       0.03445 0       0       0       
GRID    2000    0       35.6548 1.85    -1.295  0       0       0       
GRID    2001    0       36.8698 3.1227  -1.1835 0       0       0       
GRID    2002    0       38.0848 4.3954  -1.072  0       0       0       
GRID    2003    0       39.3727 6.4787  -0.9517 0       0       0       
GRID    2004    0       40.6605 8.562   -0.831360       0       0       
GRID    2005    0       43.9121 12.0375 -0.633  0       0       0       
GRID    2006    0       47.1638 15.513  -0.434640       0       0       
GRID    2007    0       50.4154 18.9885 -0.236280       0       0       
GRID    2008    0       53.667  22.464  -0.037920       0       0       
GRID    1007    0       35.6548 0       -1.295  0       0       0       
GRID    2009    0       35.6548 -1.85   -1.295  0       0       0       
GRID    2010    0       36.8698 -3.1227 -1.1835 0       0       0       
GRID    2011    0       38.0848 -4.3954 -1.072  0       0       0       
GRID    2012    0       39.3727 -6.4787 -0.9517 0       0       0       
GRID    2013    0       40.6605 -8.562  -0.831360       0       0       
GRID    2014    0       43.9121 -12.0375-0.633  0       0       0       
GRID    2015    0       47.1638 -15.513 -0.434640       0       0       
GRID    2016    0       50.4154 -18.9885-0.236280       0       0       
GRID    2017    0       53.667  -22.464 -0.037920       0       0       
GRID    1009    0       47.3935 0       -1.295  0       0       0       
GRID    3000    0       47.3935 0       1.85    0       0       0       
GRID    3001    0       48.6286 0       2.8008  0       0       0       
GRID    3002    0       49.8638 0       3.7517  0       0       0       
GRID    3003    0       51.099  0       4.7025  0       0       0       
GRID    3004    0       52.8194 0       6.0269  0       0       0       
GRID    3005    0       54.5398 0       7.3513  0       0       0       
GRID    3006    0       56.2602 0       8.6756  0       0       0       
GRID    4000    0       57.9806 0.35256 10      0       0       0       
GRID    4001    0       58.7321 1.0826  10      0       0       0       
GRID    4002    0       59.4837 1.8126  10      0       0       0       
GRID    4003    0       60.6389 2.9348  10      0       0       0       
GRID    4004    0       61.794  4.0569  10      0       0       0       
GRID    4005    0       62.9492 5.179   10      0       0       0       
GRID    3007    0       57.9806 0       10      0       0       0       
GRID    4006    0       57.9806 -0.3525610      0       0       0       
GRID    4007    0       58.7321 -1.0826 10      0       0       0       
GRID    4008    0       59.4837 -1.8126 10      0       0       0       
GRID    4009    0       60.6389 -2.9348 10      0       0       0       
GRID    4010    0       61.794  -4.0569 10      0       0       0       
GRID    4011    0       62.9492 -5.179  10      0       0       0       
GRID    5000    0       14.2807 0       -0.5    0       0       0       
GRID    5001    0       14.2807 1.4     -0.5    0       0       0       
GRID    5002    0       14.5652 1.75    -0.5    0       0       0       
GRID    5003    0       14.8497 2.1     -0.5    0       0       0       
GRID    5004    0       15.9062 3.4     -0.5    0       0       0       
GRID    5005    0       16.9628 4.7     -0.5    0       0       0       
GRID    5006    0       18.0194 6       -0.5    0       0       0       
GRID    1003    0       14.2807 0       -1.295  0       0       0       
GRID    5007    0       14.2807 0       -0.5    0       0       0       
GRID    5008    0       14.2807 -1.4    -0.5    0       0       0       
GRID    5009    0       14.5652 -1.75   -0.5    0       0       0       
GRID    5010    0       14.8497 -2.1    -0.5    0       0       0       
GRID    5011    0       15.9062 -3.4    -0.5    0       0       0       
GRID    5012    0       16.9628 -4.7    -0.5    0       0       0       
GRID    5013    0       18.0194 -6      -0.5    0       0       0       

$-------2-------3-------4-------5-------6-------7-------8-------9-------10
 Beam definition
$-------2-------3-------4-------5-------6-------7-------8-------9-------10
CBAR    1000    1000    1000    1001    -0.171410.0     0.9852  GGG     
        0       0       0.0     0.0     1.295   0.0     0.0     1.295   
CBAR    1001    1001    1001    1002    -0.171410.0     0.9852  GGG     
        0       0       0.0     0.0     1.295   0.0     0.0     1.295   
CBAR    1002    1002    1002    1003    0.0     0.0     1.0     GGG     
        0       0       0.0     0.0     1.295   0.0     0.0     1.295   
CBAR    1003    1003    1003    1004    0.0     0.0     1.0     GGG     
        0       0       0.0     0.0     1.295   0.0     0.0     1.295   
CBAR    1004    1004    1004    1005    0.0     0.0     1.0     GGG     
        0       0       0.0     0.0     1.295   0.0     0.0     1.295   
CBAR    1005    1005    1005    1006    0.0     0.0     1.0     GGG     
        0       0       0.0     0.0     1.295   0.0     0.0     1.295   
CBAR    1006    1006    1006    1007    0.0     0.0     1.0     GGG     
        0       0       0.0     0.0     1.295   0.0     0.0     1.295   
CBAR    1007    1007    1007    1008    0.0     0.0     1.0     GGG     
        0       0       0.0     0.0     1.295   0.0     0.0     1.295   
CBAR    1008    1008    1008    1009    0.0     0.0     1.0     GGG     
        0       0       0.0     0.0     1.295   0.0     0.0     1.295   
CBAR    1009    1009    1009    1010    0.0     0.0     1.0     GGG     
        0       0       0.0     0.0     1.295   0.0     0.0     1.295   
CBAR    1010    1010    1010    1011    -0.140040.0     0.99015 GGG     
        0       0       0.0     0.0     1.295   0.0     0.0     1.295   
CBAR    1011    1011    1011    1012    -0.140040.0     0.99015 GGG     
        0       0       0.0     0.0     1.295   0.0     0.0     1.295   
CBAR    2000    2000    1007    2000    0.0     0.0     1.0     GGG     
CBAR    2001    2001    2000    2001    0.017363-0.103680.99446 GGG     
CBAR    2002    2002    2001    2002    0.017363-0.103680.99446 GGG     
CBAR    2003    2003    2002    2003    0.017363-0.103680.99446 GGG     
CBAR    2004    2004    2003    2004    0.017363-0.103680.99446 GGG     
CBAR    2005    2005    2004    2005    0.017363-0.103680.99446 GGG     
CBAR    2006    2006    2005    2006    0.017363-0.103680.99446 GGG     
CBAR    2007    2007    2006    2007    0.017433-0.068390.99751 GGG     
CBAR    2008    2008    2007    2008    0.017433-0.068390.99751 GGG     
CBAR    2009    2000    1007    2009    0.0     0.0     1.0     GGG     
CBAR    2010    2001    2009    2010    0.0173630.10368 0.99446 GGG     
CBAR    2011    2002    2010    2011    0.0173630.10368 0.99446 GGG     
CBAR    2012    2003    2011    2012    0.0173630.10368 0.99446 GGG     
CBAR    2013    2004    2012    2013    0.0173630.10368 0.99446 GGG     
CBAR    2014    2005    2013    2014    0.0173630.10368 0.99446 GGG     
CBAR    2015    2006    2014    2015    0.0173630.10368 0.99446 GGG     
CBAR    2016    2007    2015    2016    0.0174330.0683970.99751 GGG     
CBAR    2017    2008    2016    2017    0.0174330.0683970.99751 GGG     
CBAR    3000    3000    1009    3000    0.0     -1.0    0.0     GGG     
CBAR    3001    3001    3000    3001    0.0     -1.0    0.0     GGG     
CBAR    3002    3002    3001    3002    0.0     -1.0    0.0     GGG     
CBAR    3003    3003    3002    3003    0.0     -1.0    0.0     GGG     
CBAR    3004    3004    3003    3004    0.0     -1.0    0.0     GGG     
CBAR    3005    3005    3004    3005    0.0     -1.0    0.0     GGG     
CBAR    3006    3006    3005    3006    0.0     -1.0    0.0     GGG     
CBAR    3007    3007    3006    3007    0.0     -1.0    0.0     GGG     
CBAR    4000    4000    3007    4000    0.0     0.0     1.0     GGG     
CBAR    4001    4001    4000    4001    0.0     0.0     1.0     GGG     
CBAR    4002    4002    4001    4002    0.0     0.0     1.0     GGG     
CBAR    4003    4003    4002    4003    0.0     0.0     1.0     GGG     
CBAR    4004    4004    4003    4004    0.0     0.0     1.0     GGG     
CBAR    4005    4005    4004    4005    0.0     0.0     1.0     GGG     
CBAR    4006    4000    3007    4006    0.0     0.0     1.0     GGG     
CBAR    4007    4001    4006    4007    0.0     0.0     1.0     GGG     
CBAR    4008    4002    4007    4008    0.0     0.0     1.0     GGG     
CBAR    4009    4003    4008    4009    0.0     0.0     1.0     GGG     
CBAR    4010    4004    4009    4010    0.0     0.0     1.0     GGG     
CBAR    4011    4005    4010    4011    0.0     0.0     1.0     GGG     
CBAR    5000    5000    1003    5000    0.0     -1.0    0.0     GGG     
CBAR    5001    5001    5000    5001    0.0     0.0     1.0     GGG     
CBAR    5002    5002    5001    5002    0.0     0.0     1.0     GGG     
CBAR    5003    5003    5002    5003    0.0     0.0     1.0     GGG     
CBAR    5004    5004    5003    5004    0.0     0.0     1.0     GGG     
CBAR    5005    5005    5004    5005    0.0     0.0     1.0     GGG     
CBAR    5006    5006    5005    5006    0.0     0.0     1.0     GGG     
CBAR    5007    5000    1003    5007    0.0     -1.0    0.0     GGG     
CBAR    5008    5001    5007    5008    0.0     0.0     1.0     GGG     
CBAR    5009    5002    5008    5009    0.0     0.0     1.0     GGG     
CBAR    5010    5003    5009    5010    0.0     0.0     1.0     GGG     
CBAR    5011    5004    5010    5011    0.0     0.0     1.0     GGG     
CBAR    5012    5005    5011    5012    0.0     0.0     1.0     GGG     
CBAR    5013    5006    5012    5013    0.0     0.0     1.0     GGG     

$-------2-------3-------4-------5-------6-------7-------8-------9-------10
 Aeronode definition
$-------2-------3-------4-------5-------6-------7-------8-------9-------10
GRID    10000   0       0       0       -1.7399 0       0       0       
GRID    10001   0       0       0       -1.7399 0       0       0       
GRID    10002   0       0       0       -1.7399 0       0       0       
GRID    10003   0       0       0       -1.7399 0       0       0       
GRID    10004   0       5.9352  1.3887  -0.707220       0       0       
GRID    10005   0       5.9352  0       0.68147 0       0       0       
GRID    10006   0       5.9352  -1.3887 -0.707220       0       0       
GRID    10007   0       5.9352  0       -2.0959 0       0       0       
GRID    10008   0       10      1.8608  0       0       0       0       
GRID    10009   0       10      0       1.8608  0       0       0       
GRID    10010   0       10      -1.8608 0       0       0       0       
GRID    10011   0       10      0       -1.8608 0       0       0       
GRID    10012   0       14.2807 2.1184  0       0       0       0       
GRID    10013   0       14.2807 0       2.1184  0       0       0       
GRID    10014   0       14.2807 -2.1184 0       0       0       0       
GRID    10015   0       14.2807 0       -2.1184 0       0       0       
GRID    10016   0       20.3051 2.0939  0       0       0       0       
GRID    10017   0       20.3051 0       2.0939  0       0       0       
GRID    10018   0       20.3051 -2.0939 0       0       0       0       
GRID    10019   0       20.3051 0       -2.0939 0       0       0       
GRID    10020   0       26.3295 1.9069  0       0       0       0       
GRID    10021   0       26.3295 0       1.9069  0       0       0       
GRID    10022   0       26.3295 -1.9069 0       0       0       0       
GRID    10023   0       26.3295 0       -1.9069 0       0       0       
GRID    10024   0       32.3539 1.8733  0       0       0       0       
GRID    10025   0       32.3539 0       1.8733  0       0       0       
GRID    10026   0       32.3539 -1.8733 0       0       0       0       
GRID    10027   0       32.3539 0       -1.8733 0       0       0       
GRID    10028   0       35.6548 1.9668  0       0       0       0       
GRID    10029   0       35.6548 0       1.9668  0       0       0       
GRID    10030   0       35.6548 -1.9668 0       0       0       0       
GRID    10031   0       35.6548 0       -1.9668 0       0       0       
GRID    10032   0       41.6791 2.1541  0       0       0       0       
GRID    10033   0       41.6791 0       2.1541  0       0       0       
GRID    10034   0       41.6791 -2.1541 0       0       0       0       
GRID    10035   0       41.6791 0       -2.1541 0       0       0       
GRID    10036   0       47.3935 2.0965  0       0       0       0       
GRID    10037   0       47.3935 0       2.0965  0       0       0       
GRID    10038   0       47.3935 -2.0965 0       0       0       0       
GRID    10039   0       47.3935 0       -2.0965 0       0       0       
GRID    10040   0       50.6    1.8559  0       0       0       0       
GRID    10041   0       50.6    0       1.8559  0       0       0       
GRID    10042   0       50.6    -1.8559 0       0       0       0       
GRID    10043   0       50.6    0       -1.8559 0       0       0       
GRID    10044   0       56.565  1.0529  0.84364 0       0       0       
GRID    10045   0       56.565  0       1.8966  0       0       0       
GRID    10046   0       56.565  -1.0529 0.84364 0       0       0       
GRID    10047   0       56.565  0       -0.2093 0       0       0       
GRID    10048   0       60      -5.1e-171.3294  0       0       0       
GRID    10049   0       60      0       1.3294  0       0       0       
GRID    10050   0       60      5.51e-171.3294  0       0       0       
GRID    10051   0       60      0       1.3294  0       0       0       
RBE0    1000    1000    10000   10001   10002   10003   
RBE0    1001    1001    10004   10005   10006   10007   
RBE0    1002    1002    10008   10009   10010   10011   
RBE0    1003    1003    10012   10013   10014   10015   
RBE0    1004    1004    10016   10017   10018   10019   
RBE0    1005    1005    10020   10021   10022   10023   
RBE0    1006    1006    10024   10025   10026   10027   
RBE0    1007    1007    10028   10029   10030   10031   
RBE0    1008    1008    10032   10033   10034   10035   
RBE0    1009    1009    10036   10037   10038   10039   
RBE0    1010    1010    10040   10041   10042   10043   
RBE0    1011    1011    10044   10045   10046   10047   
RBE0    1012    1012    10048   10049   10050   10051   
GRID    20000   0       30.5649 0       -1.295  0       0       0       
GRID    20001   0       35.6548 0       -2.5675 0       0       0       
GRID    20002   0       40.7446 0       -1.295  0       0       0       
GRID    20003   0       35.6548 0       -0.022530       0       0       
GRID    20004   0       31.9732 1.85    -1.295  0       0       0       
GRID    20005   0       35.6548 1.85    -2.5675 0       0       0       
GRID    20006   0       39.3363 1.85    -1.295  0       0       0       
GRID    20007   0       35.6548 1.85    -0.022530       0       0       
GRID    20008   0       34.3502 5.5026  -0.8914 0       0       0       
GRID    20009   0       36.8522 3.2278  -2.1914 0       0       0       
GRID    20010   0       39.3894 0.74286 -1.4756 0       0       0       
GRID    20011   0       36.8874 3.0176  -0.1756 0       0       0       
GRID    20012   0       35.7126 6.6361  -0.797010       0       0       
GRID    20013   0       38.0717 4.4737  -1.8224 0       0       0       
GRID    20014   0       40.4571 2.1548  -1.3471 0       0       0       
GRID    20015   0       38.0979 4.3172  -0.321630       0       0       
GRID    20016   0       36.6525 8.1474  -0.730220       0       0       
GRID    20017   0       39.3518 6.5277  -1.5762 0       0       0       
GRID    20018   0       42.0928 4.81    -1.1732 0       0       0       
GRID    20019   0       39.3935 6.4298  -0.327170       0       0       
GRID    20020   0       38.495  9.8905  -0.655040       0       0       
GRID    20021   0       40.6439 8.601   -1.3285 0       0       0       
GRID    20022   0       42.826  7.2335  -1.0077 0       0       0       
GRID    20023   0       40.6771 8.5231  -0.334160       0       0       
GRID    20024   0       42.6115 13.2459 -0.4843 0       0       0       
GRID    20025   0       43.8989 12.0729 -1.0356 0       0       0       
GRID    20026   0       45.2128 10.8291 -0.7817 0       0       0       
GRID    20027   0       43.9253 12.0022 -0.230450       0       0       
GRID    20028   0       46.1706 16.4357 -0.3211 0       0       0       
GRID    20029   0       47.1536 15.5402 -0.743770       0       0       
GRID    20030   0       48.1569 14.5904 -0.548180       0       0       
GRID    20031   0       47.1739 15.4859 -0.125520       0       0       
GRID    20032   0       49.7232 19.6329 -0.180010       0       0       
GRID    20033   0       50.4121 19.0039 -0.451940       0       0       
GRID    20034   0       51.1075 18.3442 -0.292560       0       0       
GRID    20035   0       50.4186 18.9732 -0.020630       0       0       
GRID    20036   0       52.9357 22.4654 -0.063430       0       0       
GRID    20037   0       53.6713 22.4704 -0.159650       0       0       
GRID    20038   0       54.3984 22.4627 -0.012420       0       0       
GRID    20039   0       53.6628 22.4577 0.0837970       0       0       
RBE0    1007    1007    20000   20001   20002   20003   
RBE0    2000    2000    20004   20005   20006   20007   
RBE0    2001    2001    20008   20009   20010   20011   
RBE0    2002    2002    20012   20013   20014   20015   
RBE0    2003    2003    20016   20017   20018   20019   
RBE0    2004    2004    20020   20021   20022   20023   
RBE0    2005    2005    20024   20025   20026   20027   
RBE0    2006    2006    20028   20029   20030   20031   
RBE0    2007    2007    20032   20033   20034   20035   
RBE0    2008    2008    20036   20037   20038   20039   
GRID    20040   0       31.9732 -1.85   -1.295  0       0       0       
GRID    20041   0       35.6548 -1.85   -2.5675 0       0       0       
GRID    20042   0       39.3363 -1.85   -1.295  0       0       0       
GRID    20043   0       35.6548 -1.85   -0.022530       0       0       
GRID    20044   0       34.3502 -5.5026 -0.8914 0       0       0       
GRID    20045   0       36.8522 -3.2278 -2.1914 0       0       0       
GRID    20046   0       39.3894 -0.74286-1.4756 0       0       0       
GRID    20047   0       36.8874 -3.0176 -0.1756 0       0       0       
GRID    20048   0       35.7126 -6.6361 -0.797010       0       0       
GRID    20049   0       38.0717 -4.4737 -1.8224 0       0       0       
GRID    20050   0       40.4571 -2.1548 -1.3471 0       0       0       
GRID    20051   0       38.0979 -4.3172 -0.321630       0       0       
GRID    20052   0       36.6525 -8.1474 -0.730220       0       0       
GRID    20053   0       39.3518 -6.5277 -1.5762 0       0       0       
GRID    20054   0       42.0928 -4.81   -1.1732 0       0       0       
GRID    20055   0       39.3935 -6.4298 -0.327170       0       0       
GRID    20056   0       38.495  -9.8905 -0.655040       0       0       
GRID    20057   0       40.6439 -8.601  -1.3285 0       0       0       
GRID    20058   0       42.826  -7.2335 -1.0077 0       0       0       
GRID    20059   0       40.6771 -8.5231 -0.334160       0       0       
GRID    20060   0       42.6115 -13.2459-0.4843 0       0       0       
GRID    20061   0       43.8989 -12.0729-1.0356 0       0       0       
GRID    20062   0       45.2128 -10.8291-0.7817 0       0       0       
GRID    20063   0       43.9253 -12.0022-0.230450       0       0       
GRID    20064   0       46.1706 -16.4357-0.3211 0       0       0       
GRID    20065   0       47.1536 -15.5402-0.743770       0       0       
GRID    20066   0       48.1569 -14.5904-0.548180       0       0       
GRID    20067   0       47.1739 -15.4859-0.125520       0       0       
GRID    20068   0       49.7232 -19.6329-0.180010       0       0       
GRID    20069   0       50.4121 -19.0039-0.451940       0       0       
GRID    20070   0       51.1075 -18.3442-0.292560       0       0       
GRID    20071   0       50.4186 -18.9732-0.020630       0       0       
GRID    20072   0       52.9357 -22.4654-0.063430       0       0       
GRID    20073   0       53.6713 -22.4704-0.159650       0       0       
GRID    20074   0       54.3984 -22.4627-0.012420       0       0       
GRID    20075   0       53.6628 -22.45770.0837970       0       0       
RBE0    2009    2009    20040   20041   20042   20043   
RBE0    2010    2010    20044   20045   20046   20047   
RBE0    2011    2011    20048   20049   20050   20051   
RBE0    2012    2012    20052   20053   20054   20055   
RBE0    2013    2013    20056   20057   20058   20059   
RBE0    2014    2014    20060   20061   20062   20063   
RBE0    2015    2015    20064   20065   20066   20067   
RBE0    2016    2016    20068   20069   20070   20071   
RBE0    2017    2017    20072   20073   20074   20075   
GRID    30000   0       45.0278 0       1.85    0       0       0       
GRID    30001   0       47.3935 -0.705111.85    0       0       0       
GRID    30002   0       49.7591 0       1.85    0       0       0       
GRID    30003   0       47.3935 0.70511 1.85    0       0       0       
GRID    30004   0       47.2698 0       4.566   0       0       0       
GRID    30005   0       48.6286 0.66398 2.8008  0       0       0       
GRID    30006   0       49.9875 0       1.0356  0       0       0       
GRID    30007   0       48.6286 -0.663982.8008  0       0       0       
GRID    30008   0       48.589  0       5.4076  0       0       0       
GRID    30009   0       49.8638 0.62285 3.7517  0       0       0       
GRID    30010   0       51.1385 0       2.0957  0       0       0       
GRID    30011   0       49.8638 -0.622853.7517  0       0       0       
GRID    30012   0       49.9085 0       6.249   0       0       0       
GRID    30013   0       51.099  0.58172 4.7025  0       0       0       
GRID    30014   0       52.2895 0       3.156   0       0       0       
GRID    30015   0       51.099  -0.581724.7025  0       0       0       
GRID    30016   0       51.7169 0       7.4591  0       0       0       
GRID    30017   0       52.8194 0.53163 6.0269  0       0       0       
GRID    30018   0       53.9219 0       4.5947  0       0       0       
GRID    30019   0       52.8194 -0.531636.0269  0       0       0       
GRID    30020   0       53.5426 0       8.6466  0       0       0       
GRID    30021   0       54.5398 0.47194 7.3513  0       0       0       
GRID    30022   0       55.5369 0       6.0559  0       0       0       
GRID    30023   0       54.5398 -0.471947.3513  0       0       0       
GRID    30024   0       55.368  0       9.8346  0       0       0       
GRID    30025   0       56.2602 0.41225 8.6756  0       0       0       
GRID    30026   0       57.1524 0       7.5166  0       0       0       
GRID    30027   0       56.2602 -0.412258.6756  0       0       0       
GRID    30028   0       56.6903 0       10      0       0       0       
GRID    30029   0       57.9806 -0.3525610      0       0       0       
GRID    30030   0       59.2709 0       10      0       0       0       
GRID    30031   0       57.9806 0.35256 10      0       0       0       
RBE0    3000    3000    30000   30001   30002   30003   
RBE0    3001    3001    30004   30005   30006   30007   
RBE0    3002    3002    30008   30009   30010   30011   
RBE0    3003    3003    30012   30013   30014   30015   
RBE0    3004    3004    30016   30017   30018   30019   
RBE0    3005    3005    30020   30021   30022   30023   
RBE0    3006    3006    30024   30025   30026   30027   
RBE0    3007    3007    30028   30029   30030   30031   
GRID    40000   0       56.2985 0       10      0       0       0       
GRID    40001   0       57.9806 0       9.6636  0       0       0       
GRID    40002   0       59.6627 0       10      0       0       0       
GRID    40003   0       57.9806 0       10.3364 0       0       0       
GRID    40004   0       56.8085 0.35256 10      0       0       0       
GRID    40005   0       57.9806 0.35256 9.6636  0       0       0       
GRID    40006   0       59.1527 0.35256 10      0       0       0       
GRID    40007   0       57.9806 0.35256 10.3364 0       0       0       
GRID    40008   0       57.9875 1.8492  10      0       0       0       
GRID    40009   0       58.7321 1.0826  9.6932  0       0       0       
GRID    40010   0       59.4768 0.31603 10      0       0       0       
GRID    40011   0       58.7321 1.0826  10.3068 0       0       0       
GRID    40012   0       58.8111 2.5051  10      0       0       0       
GRID    40013   0       59.4837 1.8126  9.7229  0       0       0       
GRID    40014   0       60.1563 1.1202  10      0       0       0       
GRID    40015   0       59.4837 1.8126  10.2771 0       0       0       
GRID    40016   0       60.0769 3.5133  10      0       0       0       
GRID    40017   0       60.6389 2.9348  9.7685  0       0       0       
GRID    40018   0       61.2008 2.3563  10      0       0       0       
GRID    40019   0       60.6389 2.9348  10.2315 0       0       0       
GRID    40020   0       61.3428 4.5214  10      0       0       0       
GRID    40021   0       61.794  4.0569  9.8141  0       0       0       
GRID    40022   0       62.2453 3.5923  10      0       0       0       
GRID    40023   0       61.794  4.0569  10.1859 0       0       0       
GRID    40024   0       62.2477 5.179   10      0       0       0       
GRID    40025   0       62.9492 5.179   9.8597  0       0       0       
GRID    40026   0       63.6507 5.179   10      0       0       0       
GRID    40027   0       62.9492 5.179   10.1403 0       0       0       
RBE0    3007    3007    40000   40001   40002   40003   
RBE0    4000    4000    40004   40005   40006   40007   
RBE0    4001    4001    40008   40009   40010   40011   
RBE0    4002    4002    40012   40013   40014   40015   
RBE0    4003    4003    40016   40017   40018   40019   
RBE0    4004    4004    40020   40021   40022   40023   
RBE0    4005    4005    40024   40025   40026   40027   
GRID    40028   0       56.8085 -0.3525610      0       0       0       
GRID    40029   0       57.9806 -0.352569.6636  0       0       0       
GRID    40030   0       59.1527 -0.3525610      0       0       0       
GRID    40031   0       57.9806 -0.3525610.3364 0       0       0       
GRID    40032   0       57.9875 -1.8492 10      0       0       0       
GRID    40033   0       58.7321 -1.0826 9.6932  0       0       0       
GRID    40034   0       59.4768 -0.3160310      0       0       0       
GRID    40035   0       58.7321 -1.0826 10.3068 0       0       0       
GRID    40036   0       58.8111 -2.5051 10      0       0       0       
GRID    40037   0       59.4837 -1.8126 9.7229  0       0       0       
GRID    40038   0       60.1563 -1.1202 10      0       0       0       
GRID    40039   0       59.4837 -1.8126 10.2771 0       0       0       
GRID    40040   0       60.0769 -3.5133 10      0       0       0       
GRID    40041   0       60.6389 -2.9348 9.7685  0       0       0       
GRID    40042   0       61.2008 -2.3563 10      0       0       0       
GRID    40043   0       60.6389 -2.9348 10.2315 0       0       0       
GRID    40044   0       61.3428 -4.5214 10      0       0       0       
GRID    40045   0       61.794  -4.0569 9.8141  0       0       0       
GRID    40046   0       62.2453 -3.5923 10      0       0       0       
GRID    40047   0       61.794  -4.0569 10.1859 0       0       0       
GRID    40048   0       62.2477 -5.179  10      0       0       0       
GRID    40049   0       62.9492 -5.179  9.8597  0       0       0       
GRID    40050   0       63.6507 -5.179  10      0       0       0       
GRID    40051   0       62.9492 -5.179  10.1403 0       0       0       
RBE0    4006    4006    40028   40029   40030   40031   
RBE0    4007    4007    40032   40033   40034   40035   
RBE0    4008    4008    40036   40037   40038   40039   
RBE0    4009    4009    40040   40041   40042   40043   
RBE0    4010    4010    40044   40045   40046   40047   
RBE0    4011    4011    40048   40049   40050   40051   
GRID    50000   0       12.8064 0       -1.295  0       0       0       
GRID    50001   0       14.2807 0       -1.6636 0       0       0       
GRID    50002   0       15.755  0       -1.295  0       0       0       
GRID    50003   0       14.2807 0       -0.926430       0       0       
GRID    50004   0       12.8064 0       -0.5    0       0       0       
GRID    50005   0       14.2807 0.36857 -0.5    0       0       0       
GRID    50006   0       15.755  0       -0.5    0       0       0       
GRID    50007   0       14.2807 -0.36857-0.5    0       0       0       
GRID    50008   0       13.1367 1.4     -0.5    0       0       0       
GRID    50009   0       14.2807 1.4     -0.868570       0       0       
GRID    50010   0       15.4248 1.4     -0.5    0       0       0       
GRID    50011   0       14.2807 1.4     -0.131430       0       0       
GRID    50012   0       13.7135 2.4422  -0.5    0       0       0       
GRID    50013   0       14.5652 1.75    -0.853570       0       0       
GRID    50014   0       15.4169 1.0578  -0.5    0       0       0       
GRID    50015   0       14.5652 1.75    -0.146430       0       0       
GRID    50016   0       14.0341 2.7628  -0.5    0       0       0       
GRID    50017   0       14.8497 2.1     -0.838570       0       0       
GRID    50018   0       15.6652 1.4372  -0.5    0       0       0       
GRID    50019   0       14.8497 2.1     -0.161430       0       0       
GRID    50020   0       15.2249 3.9538  -0.5    0       0       0       
GRID    50021   0       15.9062 3.4     -0.782860       0       0       
GRID    50022   0       16.5876 2.8462  -0.5    0       0       0       
GRID    50023   0       15.9062 3.4     -0.217140       0       0       
GRID    50024   0       16.4157 5.1447  -0.5    0       0       0       
GRID    50025   0       16.9628 4.7     -0.727140       0       0       
GRID    50026   0       17.51   4.2553  -0.5    0       0       0       
GRID    50027   0       16.9628 4.7     -0.272860       0       0       
GRID    50028   0       17.3337 6       -0.5    0       0       0       
GRID    50029   0       18.0194 6       -0.671430       0       0       
GRID    50030   0       18.7051 6       -0.5    0       0       0       
GRID    50031   0       18.0194 6       -0.328570       0       0       
RBE0    1003    1003    50000   50001   50002   50003   
RBE0    5000    5000    50004   50005   50006   50007   
RBE0    5001    5001    50008   50009   50010   50011   
RBE0    5002    5002    50012   50013   50014   50015   
RBE0    5003    5003    50016   50017   50018   50019   
RBE0    5004    5004    50020   50021   50022   50023   
RBE0    5005    5005    50024   50025   50026   50027   
RBE0    5006    5006    50028   50029   50030   50031   
GRID    50032   0       12.8064 0       -0.5    0       0       0       
GRID    50033   0       14.2807 -0.36857-0.5    0       0       0       
GRID    50034   0       15.755  0       -0.5    0       0       0       
GRID    50035   0       14.2807 0.36857 -0.5    0       0       0       
GRID    50036   0       13.1367 -1.4    -0.5    0       0       0       
GRID    50037   0       14.2807 -1.4    -0.868570       0       0       
GRID    50038   0       15.4248 -1.4    -0.5    0       0       0       
GRID    50039   0       14.2807 -1.4    -0.131430       0       0       
GRID    50040   0       13.7135 -2.4422 -0.5    0       0       0       
GRID    50041   0       14.5652 -1.75   -0.853570       0       0       
GRID    50042   0       15.4169 -1.0578 -0.5    0       0       0       
GRID    50043   0       14.5652 -1.75   -0.146430       0       0       
GRID    50044   0       14.0341 -2.7628 -0.5    0       0       0       
GRID    50045   0       14.8497 -2.1    -0.838570       0       0       
GRID    50046   0       15.6652 -1.4372 -0.5    0       0       0       
GRID    50047   0       14.8497 -2.1    -0.161430       0       0       
GRID    50048   0       15.2249 -3.9538 -0.5    0       0       0       
GRID    50049   0       15.9062 -3.4    -0.782860       0       0       
GRID    50050   0       16.5876 -2.8462 -0.5    0       0       0       
GRID    50051   0       15.9062 -3.4    -0.217140       0       0       
GRID    50052   0       16.4157 -5.1447 -0.5    0       0       0       
GRID    50053   0       16.9628 -4.7    -0.727140       0       0       
GRID    50054   0       17.51   -4.2553 -0.5    0       0       0       
GRID    50055   0       16.9628 -4.7    -0.272860       0       0       
GRID    50056   0       17.3337 -6      -0.5    0       0       0       
GRID    50057   0       18.0194 -6      -0.671430       0       0       
GRID    50058   0       18.7051 -6      -0.5    0       0       0       
GRID    50059   0       18.0194 -6      -0.328570       0       0       
RBE0    5007    5007    50032   50033   50034   50035   
RBE0    5008    5008    50036   50037   50038   50039   
RBE0    5009    5009    50040   50041   50042   50043   
RBE0    5010    5010    50044   50045   50046   50047   
RBE0    5011    5011    50048   50049   50050   50051   
RBE0    5012    5012    50052   50053   50054   50055   
RBE0    5013    5013    50056   50057   50058   50059   

$-------2-------3-------4-------5-------6-------7-------8-------9-------10
 Beam properties
$-------2-------3-------4-------5-------6-------7-------8-------9-------10
PBAR    1000    1       0.0153030.0119230.0119230.023847239.5013
        0.8877  0       0       0.8877  -0.8877 0       0       -0.8877 
PBAR    1001    1       0.0554060.0530010.0530010.106   441.8335
        1.6239  0       0       1.6239  -1.6239 0       0       -1.6239 
PBAR    1002    1       0.0414360.0743210.0743210.14864 1065.110
        1.85    0       0       1.85    -1.85   0       0       -1.85   
PBAR    1003    1       0.0523570.08217 0.08217 0.16434 1066.531
        1.85    0       0       1.85    -1.85   0       0       -1.85   
PBAR    1004    1       0.0822940.14015 0.14015 0.2803  1066.717
        1.85    0       0       1.85    -1.85   0       0       -1.85   
PBAR    1005    1       0.0812510.14564 0.14564 0.29128 1066.711
        1.85    0       0       1.85    -1.85   0       0       -1.85   
PBAR    1006    1       0.0359240.10137 0.10137 0.20274 1066.718
        1.85    0       0       1.85    -1.85   0       0       -1.85   
PBAR    1007    1       0.0588440.0998920.0998920.19978 1066.601
        1.85    0       0       1.85    -1.85   0       0       -1.85   
PBAR    1008    1       0.0583670.0953140.0953140.19063 434.9914
        1.85    0       0       1.85    -1.85   0       0       -1.85   
PBAR    1009    1       0.0592770.0810570.0810570.16211 410.7776
        1.85    0       0       1.85    -1.85   0       0       -1.85   
PBAR    1010    1       0.0525370.0584750.0584750.11695 227.3041
        1.4785  0       0       1.4785  -1.4785 0       0       -1.4785 
PBAR    1011    1       0.0482790.0277910.0277910.05558323.254  
        0.66957 0       0       0.66957 -0.669570       0       -0.66957
PBAR    2000    2       0.18779 0.18958 1.2332  0.43192 6173.783
        0       4.077   1.3006  0       0       -4.077  -1.3006 0       
PBAR    2001    2       0.34353 0.13051 0.81629 0.30025 6827.308
        0       3.5878  1.1422  0       0       -3.5878 -1.1422 0       
PBAR    2002    2       0.29941 0.0739410.64114 0.19024 4998.979
        0       3.3959  0.88473 0       0       -3.3959 -0.884730       
PBAR    2003    2       0.18486 0.0604210.83181 0.17899 1952.972
        0       3.5773  0.69102 0       0       -3.5773 -0.691020       
PBAR    2004    2       0.15157 0.0337  0.45337 0.0997121230.773
        0       2.8708  0.56322 0       0       -2.8708 -0.563220       
PBAR    2005    2       0.12113 0.0189870.18834 0.054106640.3207
        0       1.9499  0.45338 0       0       -1.9499 -0.453380       
PBAR    2006    2       0.0677710.0076730.0797280.021713459.0443
        0       1.5656  0.35767 0       0       -1.5656 -0.357670       
PBAR    2007    2       0.0581970.0022030.0233580.006071256.4395
        0       1.1539  0.26335 0       0       -1.1539 -0.263350       
PBAR    2008    2       0.01537 0.0003000.0033510.000752107.4824
        0       0.74087 0.16909 0       0       -0.74087-0.169090       
PBAR    3000    3       0.12173 0.0395840.6819  0.0985480       
        0       2.3014  0.68598 0       0       -2.3014 -0.685980       
PBAR    3001    3       0.10738 0.0196520.15139 0.03435 19.7746 
        0       2.3014  0.68598 0       0       -2.3014 -0.685980       
PBAR    3002    3       0.0218520.0077190.0612950.01193319.1945 
        0       2.173   0.6477  0       0       -2.173  -0.6477 0       
PBAR    3003    3       0.0518140.0062060.0493970.00950217.8957 
        0       2.0447  0.60943 0       0       -2.0447 -0.609430       
PBAR    3004    3       0.0137760.0048940.0391470.00750325.4489 
        0       1.8971  0.56364 0       0       -1.8971 -0.563640       
PBAR    3005    3       0.0127280.0033270.0275070.00510612.3148 
        0       1.7462  0.51033 0       0       -1.7462 -0.510330       
PBAR    3006    3       0.0116790.0024780.0210830.00385813.7339 
        0       1.5917  0.45702 0       0       -1.5917 -0.457020       
PBAR    3007    3       0.0106310.0017710.0155920.00286712.2781 
        0       1.438   0.4037  0       0       -1.438  -0.4037 0       
PBAR    4000    4       0.0456270.0033950.0316570.0090410       
        0       1.3319  0.3383  0       0       -1.3319 -0.3383 0       
PBAR    4001    4       0.0459420.0024280.0178670.00612013.9991 
        0       1.1268  0.32146 0       0       -1.1268 -0.321460       
PBAR    4002    4       0.0257190.0015150.0110490.00370117.7632 
        0       1.0169  0.29193 0       0       -1.0169 -0.291930       
PBAR    4003    4       0.0329750.0011640.0096910.00173810.3969 
        0       0.88592 0.25429 0       0       -0.88592-0.254290       
PBAR    4004    4       0.0124820.0003360.0027980.0005018.349   
        0       0.72707 0.2087  0       0       -0.72707-0.2087 0       
PBAR    4005    4       0.0067139.77e-050.0007820.0001743.4065  
        0       0.56821 0.1631  0       0       -0.56821-0.1631 0       
PBAR    5000    6       0.18779 0.0029590.0279580.0072640       
        0       1.4743  0.36857 0       0       -1.4743 -0.368570       
PBAR    5001    6       0.34353 -0.01205-0.06584-0.034370       
        0       1.239   0.38224 0       0       -1.239  -0.382240       
PBAR    5002    6       0.29941 0.0019260.0121380.00397820.5941 
        0       1.1208  0.36107 0       0       -1.1208 -0.361070       
PBAR    5003    6       0.18486 0.0009200.0062660.00138534.5287 
        0       1.0742  0.34607 0       0       -1.0742 -0.346070       
PBAR    5004    6       0.15157 0.0007710.0051310.00128816.9614 
        0       0.96448 0.31071 0       0       -0.96448-0.310710       
PBAR    5005    6       0.12113 0.0003770.0025590.00057913.8348 
        0       0.79154 0.255   0       0       -0.79154-0.255  0       
PBAR    5006    6       0.0677710.0001800.0012210.0002767.7195  
        0       0.6186  0.19929 0       0       -0.6186 -0.199290       

$-------2-------3-------4-------5-------6-------7-------8-------9-------10
 Lifting surfaces definition
$-------2-------3-------4-------5-------6-------7-------8-------9-------10
CAERO1  200     0       0       1       4       n64a206 n64a206 1       
        20.3856 0       -1.1398 25.4493 1.85    1       0       1       1       
CAERO1  204     0       0       1       4       n64a206 n64a206 1       
        20.3856 0       -1.1398 25.4493 -1.85   1       0       1       1       
CAERO1  201     3       0       2       4       n64a206 n64a206 1       
        20.3856 1.8474  -1.1398 25.4493 2.5504  0.593   71.3675 1       1       
        1       0.2     0.2     1         flap1r
CAERO1  205     -3      0       2       4       n64a206 n64a206 1       
        20.3856 -1.8474 -1.1398 25.4493 -2.5504 0.593   -71.36751       1       
        1       0.2     0.2     1         flap1l
CAERO1  202     3       0       2       4       n64a206 n64a206 1       
        30.5395 4.3929  -1.0063 15.0916 4.1732  0.66128 42.7191 1       1       
        1       0.2     0.2     1         flap2r
CAERO1  206     -3      0       2       4       n64a206 n64a206 1       
        30.5395 -4.3929 -1.0063 15.0916 -4.1732 0.66128 -42.71911       1       
        1       0.2     0.2     1         flap2l
CAERO1  203     3       0       4       5       n64a206 n64a206 1       
        35.6709 8.5605  -0.787879.9797  7.1705  0.61088 46.9245 1       -0.545  
        0       
        3       4       6.7528  0.40011 n64a206 46.9245 -2      1       
        1       0.25    0.25    3       aileronr
CAERO1  207     -3      0       4       5       n64a206 n64a206 1       
        35.6709 -8.5605 -0.787879.9797  -7.1705 0.61088 -46.92451       -0.545  
        0       
        -3      4       -6.7528 0.40011 n64a206 -46.9245-2      1       
        1       0.25    0.25    3       aileronl
CAERO1  400     0       0       1       4       n64a006 n64a006 1       
        55.2892 0       10      6.7285  0.35256 1       0       0       0       
CAERO1  403     0       0       1       4       n64a006 n64a006 1       
        55.2892 0       10      6.7285  -0.352561       0       0       0       
CAERO1  401     0       0       1       4       n64a006 n64a006 1       
        55.2892 0.35256 10      6.7285  1.4601  0.82364 49.0244 0       0       
        1       0.3     0.3     3         elev1r
CAERO1  404     0       0       1       4       n64a006 n64a006 1       
        55.2892 -0.3525610      6.7285  -1.4601 0.82364 -49.02440       0       
        1       0.3     0.3     3         elev1l
CAERO1  402     0       0       2       4       n64a006 n64a006 1       
        57.267  1.8126  10      5.5419  3.3664  0.50633 49.0244 0       0       
        1       0.3     0.3     3         elev2r
CAERO1  405     0       0       2       4       n64a006 n64a006 1       
        57.267  -1.8126 10      5.5419  -3.3664 0.50633 -49.02440       0       
        1       0.3     0.3     3         elev2l
CAERO1  300     90      0       2       3       n64a006 n64a006 1       
        41.4    0       1.85    14.1022 2.8525  0.825   55.4158 0       0       
        1       0.3     0.3     3        rudder1
CAERO1  301     90      0       3       3       n64a006 n64a006 1       
        46.1544 0       4.7025  11.6344 5.2975  0.60606 55.4158 0       0       
        1       0.3     0.3     3        rudder2
CAERO1  500     0       0       1       2       naca0012naca00121       
        9.8579  0       -0.5    7.3714  1.4     1       0       0       0       
CAERO1  503     0       0       1       2       naca0012naca00121       
        9.8579  0       -0.5    7.3714  -1.4    1       0       0       0       
CAERO1  501     0       0       1       2       naca0012naca00121       
        9.8579  1.4     -0.5    7.3714  0.7     0.9186  48.055  0       0       
        1       0.3     0.3     3          can1r
CAERO1  504     0       0       1       2       naca0012naca00121       
        9.8579  -1.4    -0.5    7.3714  -0.7    0.9186  -48.055 0       0       
        1       0.3     0.3     3          can1l
CAERO1  502     0       0       4       2       naca0012naca00121       
        10.7868 2.1     -0.5    6.7714  3.9     0.50633 48.055  0       0       
        1       0.3     0.3     3          can2r
CAERO1  505     0       0       4       2       naca0012naca00121       
        10.7868 -2.1    -0.5    6.7714  -3.9    0.50633 -48.055 0       0       
        1       0.3     0.3     3          can2l

$-------2-------3-------4-------5-------6-------7-------8-------9-------10
 Links aeroelastic variables
$-------2-------3-------4-------5-------6-------7-------8-------9-------10
AELINK  1         flap1r  flap1l-1.0    
AELINK  2         flap2r  flap2l-1.0    
AELINK  3       aileronraileronl1.0     
AELINK  4        rudder1 rudder21.0     
AELINK  5         elev1r  elev2r1.0     
AELINK  6         elev1l  elev2r-1.0    
AELINK  7         elev2l  elev2r-1.0    
AELINK  8          can1r   can2r1.0     
AELINK  9          can1l   can2r-1.0    
AELINK  10         can2l   can2r-1.0    

$-------2-------3-------4-------5-------6-------7-------8-------9-------10
 Structural interpolation set
$-------2-------3-------4-------5-------6-------7-------8-------9-------10
SET1    2       1007    2000    2001    2002    2003    2004    2005    
        2006    2007    2008    20000   20001   20002   20003   20004   
        20005   20006   20007   20008   20009   20010   20011   20012   
        20013   20014   20015   20016   20017   20018   20019   20020   
        20021   20022   20023   20024   20025   20026   20027   20028   
        20029   20030   20031   20032   20033   20034   20035   20036   
        20037   20038   20039   
SET1    3       1007    2009    2010    2011    2012    2013    2014    
        2015    2016    2017    20000   20001   20002   20003   20040   
        20041   20042   20043   20044   20045   20046   20047   20048   
        20049   20050   20051   20052   20053   20054   20055   20056   
        20057   20058   20059   20060   20061   20062   20063   20064   
        20065   20066   20067   20068   20069   20070   20071   20072   
        20073   20074   20075   
SET1    4       1009    3000    3001    3002    3003    3004    3005    
        3006    3007    40000   40001   40002   40003   30000   30001   
        30002   30003   30004   30005   30006   30007   30008   30009   
        30010   30011   30012   30013   30014   30015   30016   30017   
        30018   30019   30020   30021   30022   30023   30024   30025   
        30026   30027   30028   30029   30030   30031   
SET1    5       3007    4000    4001    4002    4003    4004    4005    
        30000   30001   30002   30003   40000   40001   40002   40003   
        40004   40005   40006   40007   40008   40009   40010   40011   
        40012   40013   40014   40015   40016   40017   40018   40019   
        40020   40021   40022   40023   40024   40025   40026   40027   
SET1    6       3007    4006    4007    4008    4009    4010    4011    
        40000   40001   40002   40003   40028   40029   40030   40031   
        40032   40033   40034   40035   40036   40037   40038   40039   
        40040   40041   40042   40043   40044   40045   40046   40047   
        40048   40049   40050   40051   
SET1    7       1003    5000    5001    5002    5003    5004    5005    
        5006    50000   50001   50002   50003   50004   50005   50006   
        50007   50008   50009   50010   50011   50012   50013   50014   
        50015   50016   50017   50018   50019   50020   50021   50022   
        50023   50024   50025   50026   50027   50028   50029   50030   
        50031   
SET1    8       1003    5007    5008    5009    5010    5011    5012    
        5013    50000   50001   50002   50003   50032   50033   50034   
        50035   50036   50037   50038   50039   50040   50041   50042   
        50043   50044   50045   50046   50047   50048   50049   50050   
        50051   50052   50053   50054   50055   50056   50057   50058   
        50059   

$-------2-------3-------4-------5-------6-------7-------8-------9-------10
 Interpolation definition
$-------2-------3-------4-------5-------6-------7-------8-------9-------10
SPLINE2 200     200     1       4       2       2       
SPLINE2 201     201     1       10      2       2       
SPLINE2 202     202     1       10      2       2       
SPLINE2 203     203     1       52      2       2       
SPLINE2 204     204     1       4       3       2       
SPLINE2 205     205     1       10      3       2       
SPLINE2 206     206     1       10      3       2       
SPLINE2 207     207     1       52      3       2       
SPLINE2 300     300     1       12      4       2       
SPLINE2 301     301     1       18      4       2       
SPLINE2 400     400     1       4       5       2       
SPLINE2 401     401     1       7       5       2       
SPLINE2 402     402     1       14      5       2       
SPLINE2 403     403     1       4       6       2       
SPLINE2 404     404     1       7       6       2       
SPLINE2 405     405     1       14      6       2       
SPLINE2 500     500     1       2       7       2       
SPLINE2 501     501     1       5       7       2       
SPLINE2 502     502     1       20      7       2       
SPLINE2 503     503     1       2       8       2       
SPLINE2 504     504     1       5       8       2       
SPLINE2 505     505     1       20      8       2       

$-------2-------3-------4-------5-------6-------7-------8-------9-------10
 Lumped masses
$-------2-------3-------4-------5-------6-------7-------8-------9-------10
CONM2   1       1000    0       432.68930       0       0       
        0       0       0       0       0       0       
CONM2   2       1001    0       1002.3310       0       0       
        0       0       0       0       0       0       
CONM2   3       1002    0       1179.9030       0       0       
        0       0       0       0       0       0       
CONM2   4       1003    0       1470.3200       0       0       
        0       0       0       0       0       0       
CONM2   5       1004    0       1720.2780       0       0       
        0       0       0       0       0       0       
CONM2   6       1005    0       1720.4320       0       0       
        0       0       0       0       0       0       
CONM2   7       1006    0       1331.5490       0       0       
        0       0       0       0       0       0       
CONM2   8       1007    0       1331.4530       0       0       
        0       0       0       0       0       0       
CONM2   9       1008    0       1678.0000       0       0       
        0       0       0       0       0       0       
CONM2   10      1009    0       1246.2930       0       0       
        0       0       0       0       0       0       
CONM2   11      1010    0       835.45920       0       0       
        0       0       0       0       0       0       
CONM2   12      1011    0       420.09640       0       0       
        0       0       0       0       0       0       
CONM2   13      1012    0       13.0473 0       0       0       
        0       0       0       0       0       0       
CONM2   14      1007    0       597.05480       0       0       
        0       0       0       0       0       0       
CONM2   15      2000    0       1737.7500       0       0       
        0       0       0       0       0       0       
CONM2   16      2001    0       1973.2480       0       0       
        0       0       0       0       0       0       
CONM2   17      2002    0       1277.2390       0       0       
        0       0       0       0       0       0       
CONM2   18      2003    0       718.54990       0       0       
        0       0       0       0       0       0       
CONM2   19      2004    0       550.50540       0       0       
        0       0       0       0       0       0       
CONM2   20      2005    0       474.21510       0       0       
        0       0       0       0       0       0       
CONM2   21      2006    0       306.08740       0       0       
        0       0       0       0       0       0       
CONM2   22      2007    0       154.14070       0       0       
        0       0       0       0       0       0       
CONM2   23      2008    0       45.6264 0       0       0       
        0       0       0       0       0       0       
CONM2   24      1007    0       597.05480       0       0       
        0       0       0       0       0       0       
CONM2   25      2009    0       1737.7500       0       0       
        0       0       0       0       0       0       
CONM2   26      2010    0       1973.2480       0       0       
        0       0       0       0       0       0       
CONM2   27      2011    0       1277.2390       0       0       
        0       0       0       0       0       0       
CONM2   28      2012    0       718.54990       0       0       
        0       0       0       0       0       0       
CONM2   29      2013    0       550.50540       0       0       
        0       0       0       0       0       0       
CONM2   30      2014    0       474.21510       0       0       
        0       0       0       0       0       0       
CONM2   31      2015    0       306.08740       0       0       
        0       0       0       0       0       0       
CONM2   32      2016    0       154.14070       0       0       
        0       0       0       0       0       0       
CONM2   33      2017    0       45.6264 0       0       0       
        0       0       0       0       0       0       
CONM2   34      1009    0       233.15550       0       0       
        0       0       0       0       0       0       
CONM2   35      3000    0       321.97160       0       0       
        0       0       0       0       0       0       
CONM2   36      3001    0       169.383 0       0       0       
        0       0       0       0       0       0       
CONM2   37      3002    0       153.07090       0       0       
        0       0       0       0       0       0       
CONM2   38      3003    0       145.83590       0       0       
        0       0       0       0       0       0       
CONM2   39      3004    0       108.345 0       0       0       
        0       0       0       0       0       0       
CONM2   40      3005    0       70.1561 0       0       0       
        0       0       0       0       0       0       
CONM2   41      3006    0       62.3799 0       0       0       
        0       0       0       0       0       0       
CONM2   42      3007    0       27.2369 0       0       0       
        0       0       0       0       0       0       
CONM2   43      3007    0       100.93850       0       0       
        0       0       0       0       0       0       
CONM2   44      4000    0       224.18570       0       0       
        0       0       0       0       0       0       
CONM2   45      4001    0       224.82370       0       0       
        0       0       0       0       0       0       
CONM2   46      4002    0       200.505 0       0       0       
        0       0       0       0       0       0       
CONM2   47      4003    0       179.11360       0       0       
        0       0       0       0       0       0       
CONM2   48      4004    0       129.34420       0       0       
        0       0       0       0       0       0       
CONM2   49      4005    0       49.1591 0       0       0       
        0       0       0       0       0       0       
CONM2   50      3007    0       100.93850       0       0       
        0       0       0       0       0       0       
CONM2   51      4006    0       224.18570       0       0       
        0       0       0       0       0       0       
CONM2   52      4007    0       224.82370       0       0       
        0       0       0       0       0       0       
CONM2   53      4008    0       200.505 0       0       0       
        0       0       0       0       0       0       
CONM2   54      4009    0       179.11360       0       0       
        0       0       0       0       0       0       
CONM2   55      4010    0       129.34420       0       0       
        0       0       0       0       0       0       
CONM2   56      4011    0       49.1591 0       0       0       
        0       0       0       0       0       0       
CONM2   57      1003    0       97.8983 0       0       0       
        0       0       0       0       0       0       
CONM2   58      5000    0       97.8983 0       0       0       
        0       0       0       0       0       0       
CONM2   59      5001    0       12.8111 0       0       0       
        0       0       0       0       0       0       
CONM2   60      5002    0       24.5801 0       0       0       
        0       0       0       0       0       0       
CONM2   61      5003    0       42.675  0       0       0       
        0       0       0       0       0       0       
CONM2   62      5004    0       54.7854 0       0       0       
        0       0       0       0       0       0       
CONM2   63      5005    0       38.4831 0       0       0       
        0       0       0       0       0       0       
CONM2   64      5006    0       14.6037 0       0       0       
        0       0       0       0       0       0       
CONM2   65      1003    0       97.8983 0       0       0       
        0       0       0       0       0       0       
CONM2   66      5007    0       97.8983 0       0       0       
        0       0       0       0       0       0       
CONM2   67      5008    0       12.8111 0       0       0       
        0       0       0       0       0       0       
CONM2   68      5009    0       24.5801 0       0       0       
        0       0       0       0       0       0       
CONM2   69      5010    0       42.675  0       0       0       
        0       0       0       0       0       0       
CONM2   70      5011    0       54.7854 0       0       0       
        0       0       0       0       0       0       
CONM2   71      5012    0       38.4831 0       0       0       
        0       0       0       0       0       0       
CONM2   72      5013    0       14.6037 0       0       0       
        0       0       0       0       0       0       
CONM2   73      2004    0       14347.283.8145  -1.4957 0.83136 
        0       0       0       0       0       0       
CONM2   74      2013    0       14347.283.8145  1.4957  0.83136 
        0       0       0       0       0       0       
