
$-------2-------3-------4-------5-------6-------7-------8-------9-------10
$ Node definition
$-------2-------3-------4-------5-------6-------7-------8-------9-------10
GRID    1000    0       0.      0.      -0.081240       0       0       
GRID    1001    0       11.339  0.      0.9107910       0       0       
GRID    1002    0       20.55   0.      1.02383 0       0       0       
GRID    1003    0       27.3158 0.      1.10687 0       0       0       
GRID    1004    0       34.25   0.      0.9271  0       0       0       
GRID    1005    0       41.1    0.      0.7495170       0       0       
GRID    1006    0       48.592  0.      0.5552910       0       0       
GRID    1007    0       54.8    0.      0.8707120       0       0       
GRID    1008    0       59.6344 0.      1.11634 0       0       0       
GRID    1009    0       62.2279 0.      1.24812 0       0       0       
GRID    1010    0       68.5    0.      1.56679 0       0       0       
GRID    2001    0       27.3158 1.77748 -2.360520       0       0       
GRID    2002    0       27.3158 3.55497 -2.360520       0       0       
GRID    2003    0       28.3377 5.16658 -2.158320       0       0       
GRID    2004    0       29.3596 6.77818 -1.956120       0       0       
GRID    2005    0       30.3815 8.38979 -1.753930       0       0       
GRID    2006    0       31.4033 10.0014 -1.551730       0       0       
GRID    2007    0       32.4252 11.613  -1.349530       0       0       
GRID    2008    0       33.4471 13.2246 -1.147330       0       0       
GRID    2009    0       34.7077 14.8463 -0.9459 0       0       0       
GRID    2010    0       35.9683 16.4681 -0.744460       0       0       
GRID    2011    0       37.2289 18.0898 -0.543030       0       0       
GRID    2012    0       38.4895 19.7116 -0.341600       0       0       
GRID    2013    0       39.75   21.3333 -0.140170       0       0       
GRID    2014    0       41.0355 22.9906 0.0656910       0       0       
GRID    2015    0       42.321  24.6478 0.2715580       0       0       
GRID    2016    0       43.6064 26.3051 0.4774240       0       0       
GRID    2017    0       44.8919 27.9623 0.68329 0       0       0       
GRID    2018    0       46.1773 29.6196 0.8891560       0       0       
GRID    2000    0       27.3158 0.      -2.360520       0       0       
GRID    2019    0       27.3158 -1.77748-2.360520       0       0       
GRID    2020    0       27.3158 -3.55497-2.360520       0       0       
GRID    2021    0       28.3377 -5.16658-2.158320       0       0       
GRID    2022    0       29.3596 -6.77818-1.956120       0       0       
GRID    2023    0       30.3815 -8.38979-1.753930       0       0       
GRID    2024    0       31.4033 -10.0014-1.551730       0       0       
GRID    2025    0       32.4252 -11.613 -1.349530       0       0       
GRID    2026    0       33.4471 -13.2246-1.147330       0       0       
GRID    2027    0       34.7077 -14.8463-0.9459 0       0       0       
GRID    2028    0       35.9683 -16.4681-0.744460       0       0       
GRID    2029    0       37.2289 -18.0898-0.543030       0       0       
GRID    2030    0       38.4895 -19.7116-0.341600       0       0       
GRID    2031    0       39.75   -21.3333-0.140170       0       0       
GRID    2032    0       41.0355 -22.99060.0656910       0       0       
GRID    2033    0       42.321  -24.64780.2715580       0       0       
GRID    2034    0       43.6064 -26.30510.4774240       0       0       
GRID    2035    0       44.8919 -27.96230.68329 0       0       0       
GRID    2036    0       46.1773 -29.61960.8891560       0       0       
GRID    3000    0       59.6344 0.      2.844   0       0       0       
GRID    3001    0       60.572  0.      3.86    0       0       0       
GRID    3002    0       61.5095 0.      4.876   0       0       0       
GRID    3003    0       62.4471 0.      5.892   0       0       0       
GRID    3004    0       63.3846 0.      6.908   0       0       0       
GRID    3005    0       64.3221 0.      7.924   0       0       0       
GRID    3006    0       65.2597 0.      8.94    0       0       0       
GRID    3007    0       66.1972 0.      9.956   0       0       0       
GRID    3008    0       67.1348 0.      10.972  0       0       0       
GRID    3009    0       68.0723 0.      11.988  0       0       0       
GRID    3010    0       69.0099 0.      13.004  0       0       0       
GRID    4001    0       62.2279 0.9281471.0665  0       0       0       
GRID    4002    0       62.2279 1.85629 1.0665  0       0       0       
GRID    4003    0       62.7732 2.76048 1.17634 0       0       0       
GRID    4004    0       63.3185 3.66466 1.28618 0       0       0       
GRID    4005    0       63.8638 4.56884 1.39602 0       0       0       
GRID    4006    0       64.409  5.47303 1.50586 0       0       0       
GRID    4007    0       64.8934 6.25289 1.60087 0       0       0       
GRID    4008    0       65.3777 7.03276 1.69589 0       0       0       
GRID    4009    0       65.862  7.81263 1.7909  0       0       0       
GRID    4010    0       66.3463 8.59249 1.88592 0       0       0       
GRID    4011    0       66.8307 9.37236 1.98093 0       0       0       
GRID    4012    0       67.315  10.1522 2.07594 0       0       0       
GRID    4013    0       67.7993 10.9321 2.17096 0       0       0       
GRID    4000    0       62.2279 0.      1.0665  0       0       0       
GRID    4014    0       62.2279 -0.928141.0665  0       0       0       
GRID    4015    0       62.2279 -1.856291.0665  0       0       0       
GRID    4016    0       62.7732 -2.760481.17634 0       0       0       
GRID    4017    0       63.3185 -3.664661.28618 0       0       0       
GRID    4018    0       63.8638 -4.568841.39602 0       0       0       
GRID    4019    0       64.409  -5.473031.50586 0       0       0       
GRID    4020    0       64.8934 -6.252891.60087 0       0       0       
GRID    4021    0       65.3777 -7.032761.69589 0       0       0       
GRID    4022    0       65.862  -7.812631.7909  0       0       0       
GRID    4023    0       66.3463 -8.592491.88592 0       0       0       
GRID    4024    0       66.8307 -9.372361.98093 0       0       0       
GRID    4025    0       67.315  -10.15222.07594 0       0       0       
GRID    4026    0       67.7993 -10.93212.17096 0       0       0       

$-------2-------3-------4-------5-------6-------7-------8-------9-------10
$ Bodies and lifting surfaces definition
$-------2-------3-------4-------5-------6-------7-------8-------9-------10
CORD2R  1       0       0.0000000.0000000.0000000.5552910.00000020.97343
        20.973430.000000-0.55529
CAEROB  1       0.0508780       1.84046 1       68.4324 41      1       
        0       0       0.0087120.6334940.0174240.9723390.0261361.24929 
        0.0348491.49243 0.0435611.71315 0.0522731.91752 0.0609852.10922 
        0.0696982.2907  0.0784102.4637  0.0871222.62949 0.0958342.78906 
        0.1045472.94317 0.1132593.09245 0.1219723.23741 0.1306843.37846 
        0.1393963.51596 0.1481083.65021 0.1568213.78149 0.1655333.91    
        0.4031913.555   0.7093723.555   0.7246683.44683 0.7399653.33605 
        0.7552613.22244 0.7705573.10574 0.7858532.98566 0.8011492.86184 
        0.8164462.73387 0.8317422.60124 0.8470382.46334 0.8623342.31938 
        0.87763 2.16839 0.8929272.00906 0.9082231.83963 0.9235191.65759 
        0.9388151.45911 0.9541111.23789 0.9694080.9818410.9847040.660684
        1       0       ENDT
CAERO1  200     0       0       3       7       N64A410 N64A410 1       
        19.9013 0       -2.2963 14.8298 3.55497 1       0       1       1       
CAERO1  250     0       0       3       7       N64A410 N64A410 1       
        19.9013 0       -2.2963 14.8298 -3.554971       0       1       1       
CAERO1  201     7       0       6       4       N64A410 N64A410 1       
        19.9013 3.54875 -2.2963 14.8298 9.74475 0.60135137.9844 1       1       
        1       0.2     0.2     3         flap1r
CAERO1  251     -7      0       6       4       N64A410 N64A410 1       
        19.9013 -3.54875-2.2963 14.8298 -9.744750.601351-37.98441       1       
        1       0.2     0.2     3         flap1l
CAERO1  202     7       0       5       4       N64A410 N64A410 1       
        28.9885 13.221  -1.108718.91789 8.17068 0.70476240.4295 1       1       
        1       0.2     0.25    3         flap2r
CAERO1  252     -7      0       5       4       N64A410 N64A410 1       
        28.9885 -13.221 -1.108718.91789 -8.170680.704762-40.42951       1       
        1       0.2     0.25    3         flap2l
CAERO1  204     7       0       5       4       N64A410 N64A410 1       
        36.6077 21.3308 -0.112956.28499 8.3496  0.56756840.4024 1       1       
        1       0.25    0.25    3       aileronr
CAERO1  254     -7      0       5       4       N64A410 N64A410 1       
        36.6077 -21.3308-0.112956.28499 -8.3496 0.567568-40.40241       1       
        1       0.25    0.25    3       aileronl
CAERO1  400     0       0       2       6       0012    0012    1       
        58.8126 0       0.9999768.54189 1.85629 1       0       -3      -3      
CAERO1  450     0       0       2       6       0012    0012    1       
        58.8126 0       0.9999768.54189 -1.856291       0       -3      -3      
CAERO1  401     7.23    0       4       3       0012    0012    1       
        58.8126 1.86321 0.9999768.54189 3.64371 0.71121634.9935 -3      -3      
        1       0.3     0.3     3         elev1r
CAERO1  451     -7.23   0       4       3       0012    0012    1       
        58.8126 -1.863210.9999768.54189 -3.643710.711216-34.9935-3      -3      
        1       0.3     0.3     3         elev1l
CAERO1  402     7.23    0       5       3       0012    0012    1       
        61.98   5.47792 1.45855 6.07512 5.5     0.42741935.4194 -3      -3      
        1       0.3     0.3     3         elev2r
CAERO1  452     -7.23   0       5       3       0012    0012    1       
        61.98   -5.477921.45855 6.07512 -5.5    0.427419-35.4194-3      -3      
        1       0.3     0.3     3         elev2l
CAERO1  301     90      0       4       3       0012    0012    1       
        54.5945 0       2.844   11.8586 5.08    0.64    46.9327 0       0       
        1       0.3     0.3     3        rudder1
CAERO1  302     90      0       4       3       0012    0012    1       
        61.0966 3.11e-167.924   7.58952 5.08    0.4375  46.9327 0       0       
        1       0.3     0.3     3        rudder2

$-------2-------3-------4-------5-------6-------7-------8-------9-------10
$ Links aeroelastic variables
$-------2-------3-------4-------5-------6-------7-------8-------9-------10
AELINK  1         flap1l  flap1r-1.0    
AELINK  2         flap2l  flap2r-1.0    
AELINK  3       aileronlaileronr1.0     
AELINK  4        rudder2 rudder11.0     
AELINK  5         elev2r  elev1r1.0     
AELINK  6         elev1l  elev1r-1.0    
AELINK  7         elev2l  elev1r-1.0    
PARAM   DIVERG  1       
AEROS           0       10.483  59.64   551     0       0       

$-------2-------3-------4-------5-------6-------7-------8-------9-------10
$ Structural interpolation set
$-------2-------3-------4-------5-------6-------7-------8-------9-------10
SET1    1       1000    1001    1002    1003    1004    1005    1006    
        1007    1008    1009    1010    
SET1    200     2000    2001    2002    
CORD2R  200     0       27.315760.000000-2.3605227.315760.000000-1.36052
        26.315760.000000-2.36052
SET1    201     2002    2003    2004    2005    2006    2007    2008    
CORD2R  201     0       27.315763.554970-2.3605227.315763.430482-1.36829
        26.469354.083351-2.29422
SET1    202     2008    2009    2010    2011    2012    2013    
CORD2R  202     0       33.4471313.22460-1.1473333.4471313.10134-0.15495
        32.6553313.83072-1.07204
SET1    203     2013    2014    2015    2016    2017    2018    
CORD2R  203     0       39.7500421.33331-0.1401739.7500421.210040.852198
        38.9576121.93863-0.06498
SET1    250     2000    2019    2020    
CORD2R  250     0       27.315760.000000-2.3605227.315760.000000-3.36052
        26.315760.000000-2.36052
SET1    251     2020    2021    2022    2023    2024    2025    2026    
CORD2R  251     0       27.31576-3.55497-2.3605227.31576-3.67945-3.35274
        26.46935-4.08335-2.29422
SET1    252     2026    2027    2028    2029    2030    2031    
CORD2R  252     0       33.44713-13.2246-1.1473333.44713-13.3478-2.13970
        32.65533-13.8307-1.07204
SET1    253     2031    2032    2033    2034    2035    2036    
CORD2R  253     0       39.75004-21.3333-0.1401739.75004-21.4565-1.13254
        38.95761-21.9386-0.06498
SET1    301     3000    3001    3002    3003    3004    3005    
CORD2R  301     0       59.634410.0000002.84400059.63441-1.000002.844000
        58.899500.0000003.522163
SET1    302     3005    3006    3007    3008    3009    3010    
CORD2R  302     0       64.322140.0000007.92400064.32214-1.000007.924000
        63.587230.0000008.602163
SET1    400     4000    4001    
CORD2R  400     0       62.227900.0000001.06650062.227900.0000002.066500
        61.227900.0000001.066500
SET1    401     4001    4002    4003    4004    4005    4006    
CORD2R  401     0       62.227900.9281471.06650062.227900.8319242.061860
        61.325561.3571781.107975
SET1    402     4006    4007    4008    4009    4010    4011    4012    
        4013    
CORD2R  402     0       64.409045.4730251.50585964.409045.3520862.498519
        63.557795.9939431.569325
SET1    450     4000    4014    
CORD2R  450     0       62.227900.0000001.06650062.227900.0000000.066500
        61.227900.0000001.066500
SET1    451     4014    4015    4016    4017    4018    4019    
CORD2R  451     0       62.22790-0.928141.06650062.22790-1.024360.071140
        61.32556-1.357171.107975
SET1    452     4019    4020    4021    4022    4023    4024    4025    
        4026    
CORD2R  452     0       64.40904-5.473021.50585964.40904-5.593960.513199
        63.55779-5.993941.569325

$-------2-------3-------4-------5-------6-------7-------8-------9-------10
$ Interpolation definition
$-------2-------3-------4-------5-------6-------7-------8-------9-------10
SPLINE1 200     200     1       21      200                     0       
SPLINE1 201     201     1       42      201                     0       
SPLINE1 202     202     1       35      202                     0       
SPLINE1 203     204     1       35      203                     0       
SPLINE1 250     250     1       21      250                     0       
SPLINE1 251     251     1       42      251                     0       
SPLINE1 252     252     1       35      252                     0       
SPLINE1 253     254     1       35      253                     0       
SPLINE1 301     301     1       24      301                     0       
SPLINE1 302     302     1       24      302                     0       
SPLINE1 400     400     1       12      400                     0       
SPLINE1 401     401     1       24      401                     0       
SPLINE1 402     402     1       30      402                     0       
SPLINE1 450     450     1       12      450                     0       
SPLINE1 451     451     1       24      451                     0       
SPLINE1 452     452     1       30      452                     0       
PARAM   GRDPNT  1004    
CONM2   1       1004    0       401485  -0.659700       -2.01224
        2.01e+070.      3.12e+070.      0.      4.86e+07
SOL 144
$
$-------2-------3-------4-------5-------6-------7-------8-------9-------10
$ GUESS/SMARTCAD trim interface automatically included by GUESS
$-------2-------3-------4-------5-------6-------7-------8-------9-------10
$
INCLUDE /Users/Anto/LASERCASS/Test/aircraft_example.inc
$

$ Uncomment the following lines to run solve_vlm_rigid and get aero data
$TRIM    1       1       0.3     0.0     SIDES   0.0     ROLL    0.0     
$        PITCH   0.0     YAW     0.0     URDD2   0.0     URDD3   9.81    
$        URDD4   0.0     URDD5   0.0     URDD6   0.0     ANGLEA  0.0     
$          elev1r0.0       flap1r0.0       flap2r0.0      rudder10.0     
$        aileronr0.0     
GRID    9000    0       26.8617 0.      -1.708090       0       0       
PARAM   LANDG   9000
